0	0	1.13328	-1.80573	6.73889	8.09805
1	0	-1.23766	0.494636	2.96261	7.7644
2	0	0.233286	0.452147	7.75154	5.43694
3	0	-2.02941	2.66864	6.81846	4.79896
0	0	1.16336	-1.80573	6.68522	8.09805
1	0	-1.23766	0.532644	2.96261	7.73294
2	0	0.194107	0.452147	7.71685	5.43694
3	0	-2.02941	2.61878	6.81846	4.79908
0	10	1.46379	-1.80573	6.14968	8.09805
1	10	-1.23766	0.904433	2.96261	7.4038
2	10	-0.197524	0.452147	7.37476	5.43694
3	10	-2.02941	2.12169	6.81846	4.79621
0	20	1.76211	-1.80573	5.61833	8.09805
1	20	-1.23766	1.21121	2.96261	6.91147
2	20	-0.58903	0.452147	7.04342	5.43694
3	20	-2.02941	1.63005	6.81846	4.77307
0	30	2.05548	-1.80573	5.09521	8.09805
1	30	-1.23766	1.51246	2.96261	6.40681
2	30	-0.9714	0.452147	6.71058	5.43694
3	30	-2.02941	1.14983	6.81846	4.70916
0	40	2.34033	-1.80573	4.58525	8.09805
1	40	-1.23766	1.81356	2.96261	5.9064
2	40	-1.35333	0.452147	6.38881	5.43694
3	40	-2.02941	0.684304	6.81846	4.58638
0	50	2.61362	-1.80573	4.09334	8.09805
1	50	-1.23766	2.11289	2.96261	5.41469
2	50	-1.71397	0.452147	6.07708	5.43694
3	50	-2.02941	0.232873	6.81846	4.40352
0	60	2.8743	-1.80573	3.62414	8.09805
1	60	-1.23766	2.41094	2.96261	4.93425
2	60	-2.05587	0.452147	5.78185	5.43694
3	60	-2.02941	-0.205193	6.81846	4.17703
0	70	3.12358	-1.80573	3.18325	8.09805
1	70	-1.23766	2.70815	2.96261	4.46708
2	70	-2.34791	0.452147	5.40716	5.43694
3	70	-2.02941	-0.63055	6.81846	3.92734
0	80	3.3676	-1.80573	2.77202	8.09805
1	80	-1.23766	3.00361	2.96261	4.01781
2	80	-2.59413	0.452147	4.94302	5.43694
3	80	-2.02941	-1.04811	6.81846	3.6636
0	90	3.60838	-1.80573	2.4014	8.09805
1	90	-1.23766	3.29354	2.96261	3.59904
2	90	-2.82738	0.452147	4.47001	5.43694
3	90	-2.02941	-1.42598	6.81846	3.343
0	100	3.84557	-1.80573	2.09313	8.09805
1	100	-1.23766	3.57475	2.96261	3.21211
2	100	-3.05156	0.452147	4.00941	5.43694
3	100	-2.02941	-1.78067	6.81846	2.99162
0	110	4.07417	-1.80573	1.8699	8.09805
1	110	-1.23766	3.83879	2.96261	2.85749
2	110	-3.2694	0.452147	3.55906	5.43694
3	110	-2.02941	-2.12566	6.81846	2.63921
0	120	4.22536	-1.80573	1.61401	8.09805
1	120	-1.23766	4.06724	2.96261	2.52142
2	120	-3.48205	0.452147	3.12063	5.43694
3	120	-2.02941	-2.46266	6.81846	2.2907
0	130	4.3511	-1.80573	1.40762	8.09805
1	130	-1.23766	4.24	2.96261	2.17456
2	130	-3.68926	0.452147	2.70153	5.43694
3	130	-2.02941	-2.79051	6.81846	1.9627
0	140	4.45674	-1.80573	1.29861	8.09805
1	140	-1.23766	4.36305	2.96261	1.80338
2	140	-3.89063	0.452147	2.31309	5.43694
3	140	-2.02941	-3.10575	6.81846	1.68581
0	150	4.50776	-1.80573	1.20609	8.09805
1	150	-1.23766	4.46086	2.96261	1.43008
2	150	-4.08561	0.452147	1.97322	5.43694
3	150	-2.02941	-3.38573	6.81846	1.45151
0	160	4.53467	-1.80573	1.10407	8.09805
1	160	-1.23766	4.54457	2.96261	1.07834
2	160	-4.27357	0.452147	1.70951	5.43694
3	160	-2.02941	-3.57633	6.81846	1.10715
0	170	4.55689	-1.80573	1.00788	8.09805
1	170	-1.23766	4.6156	2.96261	0.768872
2	170	-4.45344	0.452147	1.55714	5.43694
3	170	-2.02941	-3.74702	6.81846	0.818099
0	180	4.57675	-1.80573	0.919199	8.09805
1	180	-1.23766	4.67206	2.96261	0.519284
2	180	-4.52744	0.452147	1.3259	5.43694
3	180	-2.02941	-3.89374	6.81846	0.608451
0	190	4.5949	-1.80573	0.838024	8.09805
1	190	-1.23766	4.7132	2.96261	0.336463
2	190	-4.59267	0.452147	1.12452	5.43694
3	190	-2.02941	-4.01347	6.81846	0.488684
0	200	4.6115	-1.80573	0.7638	8.09805
1	200	-1.23766	4.74105	2.96261	0.212726
2	200	-4.64937	0.452147	0.952697	5.43694
3	200	-2.02941	-4.10677	6.81846	0.434716
0	210	4.62667	-1.80573	0.695979	8.09805
1	210	-1.23766	4.75902	2.96261	0.1328
2	210	-4.69815	0.452147	0.808804	5.43694
3	210	-2.02941	-4.178	6.81846	0.408485
0	220	4.64052	-1.80573	0.634045	8.09805
1	220	-1.23766	4.77031	2.96261	0.082291
2	220	-4.7398	0.452147	0.689942	5.43694
3	220	-2.02941	-4.23272	6.81846	0.388118
0	230	4.65316	-1.80573	0.577513	8.09805
1	230	-1.23766	4.77738	2.96261	0.0507184
2	230	-4.77516	0.452147	0.592591	5.43694
3	230	-2.02941	-4.27567	6.81846	0.367036
0	240	4.66469	-1.80573	0.525936	8.09805
1	240	-1.23766	4.78177	2.96261	0.031067
2	240	-4.8051	0.452147	0.513137	5.43694
3	240	-2.02941	-4.31026	6.81846	0.344675
0	250	4.67521	-1.80573	0.478894	8.09805
1	250	-1.23766	4.78451	2.96261	0.0188684
2	250	-4.83043	0.452147	0.448184	5.43694
3	250	-2.02941	-4.339	6.81846	0.321888
0	260	4.6848	-1.80573	0.436001	8.09805
1	260	-1.23766	4.78621	2.96261	0.0113232
2	260	-4.8518	0.452147	0.394676	5.43694
3	260	-2.02941	-4.36372	6.81846	0.299406
0	270	4.69354	-1.80573	0.396901	8.09805
1	270	-1.23766	4.78727	2.96261	0.00670149
2	270	-4.86993	0.452147	0.35032	5.43694
3	270	-2.02941	-4.3854	6.81846	0.277654
0	280	4.70151	-1.80573	0.361265	8.09805
1	280	-1.23766	4.78792	2.96261	0.00395532
2	280	-4.88536	0.452147	0.313121	5.43694
3	280	-2.02941	-4.40485	6.81846	0.256455
0	290	4.70877	-1.80573	0.328791	8.09805
1	290	-1.23766	4.78833	2.96261	0.00247688
2	290	-4.89853	0.452147	0.281516	5.43694
3	290	-2.02941	-4.42254	6.81846	0.235912
0	300	4.71539	-1.80573	0.299203	8.09805
1	300	-1.23766	4.78858	2.96261	0.00189156
2	300	-4.9098	0.452147	0.254308	5.43694
3	300	-2.02941	-4.4386	6.81846	0.216632
0	310	4.72142	-1.80573	0.272249	8.09805
1	310	-1.23766	4.78874	2.96261	0.0018121
2	310	-4.91971	0.452147	0.229668	5.43694
3	310	-2.02941	-4.45317	6.81846	0.198834
0	320	4.72691	-1.80573	0.247697	8.09805
1	320	-1.23766	4.78879	2.96261	0.00183871
2	320	-4.92857	0.452147	0.206587	5.43694
3	320	-2.02941	-4.46636	6.81846	0.182355
0	330	4.73191	-1.80573	0.225333	8.09805
1	330	-1.23766	4.78879	2.96261	0.00183871
2	330	-4.93646	0.452147	0.185102	5.43694
3	330	-2.02941	-4.47834	6.81846	0.16723
0	340	4.73647	-1.80573	0.204965	8.09805
1	340	-1.23766	4.78879	2.96261	0.00183871
2	340	-4.94346	0.452147	0.165241	5.43694
3	340	-2.02941	-4.48928	6.81846	0.153519
0	350	4.74061	-1.80573	0.186415	8.09805
1	350	-1.23766	4.78879	2.96261	0.00183871
2	350	-4.94965	0.452147	0.147006	5.43694
3	350	-2.02941	-4.49927	6.81846	0.141061
0	360	4.74439	-1.80573	0.169521	8.09805
1	360	-1.23766	4.78879	2.96261	0.00183871
2	360	-4.95511	0.452147	0.13037	5.43694
3	360	-2.02941	-4.50843	6.81846	0.129717
0	370	4.74783	-1.80573	0.154137	8.09805
1	370	-1.23766	4.78879	2.96261	0.00183871
2	370	-4.9599	0.452147	0.115284	5.43694
3	370	-2.02941	-4.51682	6.81846	0.119365
0	380	4.75097	-1.80573	0.140128	8.09805
1	380	-1.23766	4.78879	2.96261	0.00183871
2	380	-4.96411	0.452147	0.101676	5.43694
3	380	-2.02941	-4.52452	6.81846	0.109899
0	390	4.75382	-1.80573	0.127373	8.09805
1	390	-1.23766	4.78879	2.96261	0.00183871
2	390	-4.96779	0.452147	0.0894614	5.43694
3	390	-2.02941	-4.5316	6.81846	0.101228
0	400	4.75642	-1.80573	0.115758	8.09805
1	400	-1.23766	4.78879	2.96261	0.00183871
2	400	-4.97101	0.452147	0.0785441	5.43694
3	400	-2.02941	-4.53811	6.81846	0.0932739
0	410	4.75878	-1.80573	0.105183	8.09805
1	410	-1.23766	4.78879	2.96261	0.00183871
2	410	-4.97381	0.452147	0.0688258	5.43694
3	410	-2.02941	-4.5441	6.81846	0.0859696
0	420	4.76094	-1.80573	0.0955544	8.09805
1	420	-1.23766	4.78879	2.96261	0.00183871
2	420	-4.97625	0.452147	0.060203	5.43694
3	420	-2.02941	-4.54961	6.81846	0.0792553
0	430	4.7629	-1.80573	0.0867879	8.09805
1	430	-1.23766	4.78879	2.96261	0.00183871
2	430	-4.97837	0.452147	0.0525776	5.43694
3	430	-2.02941	-4.55469	6.81846	0.0730784
0	440	4.76469	-1.80573	0.078806	8.09805
1	440	-1.23766	4.78879	2.96261	0.00183871
2	440	-4.98021	0.452147	0.0458527	5.43694
3	440	-2.02941	-4.55937	6.81846	0.067392
0	450	4.76631	-1.80573	0.0715395	8.09805
1	450	-1.23766	4.78879	2.96261	0.00183871
2	450	-4.98181	0.452147	0.0399371	5.43694
3	450	-2.02941	-4.56369	6.81846	0.0621553
0	460	4.76779	-1.80573	0.0649254	8.09805
1	460	-1.23766	4.78879	2.96261	0.00183871
2	460	-4.98319	0.452147	0.0347463	5.43694
3	460	-2.02941	-4.56766	6.81846	0.0573305
0	470	4.76914	-1.80573	0.0589037	8.09805
1	470	-1.23766	4.78879	2.96261	0.00183871
2	470	-4.98439	0.452147	0.0302009	5.43694
3	470	-2.02941	-4.57133	6.81846	0.052884
0	480	4.77037	-1.80573	0.0534228	8.09805
1	480	-1.23766	4.78879	2.96261	0.00183871
2	480	-4.98542	0.452147	0.0262276	5.43694
3	480	-2.02941	-4.57471	6.81846	0.0487846
0	490	4.77149	-1.80573	0.0484347	8.09805
1	490	-1.23766	4.78879	2.96261	0.00183871
2	490	-4.98625	0.452147	0.0227332	5.43694
3	490	-2.02941	-4.57783	6.81846	0.0450051
0	500	4.7725	-1.80573	0.0438947	8.09805
1	500	-1.23766	4.78879	2.96261	0.00183871
2	500	-4.98693	0.452147	0.0197241	5.43694
3	500	-2.02941	-4.5807	6.81846	0.0415194
0	510	4.77343	-1.80573	0.0397633	8.09805
1	510	-1.23766	4.78879	2.96261	0.00183871
2	510	-4.98751	0.452147	0.0171625	5.43694
3	510	-2.02941	-4.58336	6.81846	0.0383046
0	520	4.77427	-1.80573	0.0360039	8.09805
1	520	-1.23766	4.78879	2.96261	0.00183871
2	520	-4.98801	0.452147	0.0149834	5.43694
3	520	-2.02941	-4.5858	6.81846	0.0353396
0	530	4.77504	-1.80573	0.0325839	8.09805
1	530	-1.23766	4.78879	2.96261	0.00183871
2	530	-4.98843	0.452147	0.0131321	5.43694
3	530	-2.02941	-4.58806	6.81846	0.032605
0	540	4.77574	-1.80573	0.0294723	8.09805
1	540	-1.23766	4.78879	2.96261	0.00183871
2	540	-4.98879	0.452147	0.0115603	5.43694
3	540	-2.02941	-4.59014	6.81846	0.0300819
0	550	4.77638	-1.80573	0.0266438	8.09805
1	550	-1.23766	4.78879	2.96261	0.00183871
2	550	-4.98909	0.452147	0.0102278	5.43694
3	550	-2.02941	-4.59206	6.81846	0.0277542
0	560	4.77696	-1.80573	0.0240722	8.09805
1	560	-1.23766	4.78879	2.96261	0.00183871
2	560	-4.98936	0.452147	0.00909975	5.43694
3	560	-2.02941	-4.59384	6.81846	0.0256069
0	570	4.77749	-1.80573	0.0217348	8.09805
1	570	-1.23766	4.78879	2.96261	0.00183871
2	570	-4.98958	0.452147	0.00814707	5.43694
3	570	-2.02941	-4.59547	6.81846	0.0236258
0	580	4.77797	-1.80573	0.0196118	8.09805
1	580	-1.23766	4.78879	2.96261	0.00183871
2	580	-4.98977	0.452147	0.00734419	5.43694
3	580	-2.02941	-4.59698	6.81846	0.0217979
0	590	4.77841	-1.80573	0.0176849	8.09805
1	590	-1.23766	4.78879	2.96261	0.00183871
2	590	-4.98993	0.452147	0.00666848	5.43694
3	590	-2.02941	-4.59837	6.81846	0.0201117
0	600	4.7788	-1.80573	0.0159362	8.09805
1	600	-1.23766	4.78879	2.96261	0.00183871
2	600	-4.99007	0.452147	0.00610174	5.43694
3	600	-2.02941	-4.59965	6.81846	0.0185558
0	610	4.77917	-1.80573	0.0143517	8.09805
1	610	-1.23766	4.78879	2.96261	0.00183871
2	610	-4.99019	0.452147	0.00562706	5.43694
3	610	-2.02941	-4.60084	6.81846	0.0171202
0	620	4.7795	-1.80573	0.0129179	8.09805
1	620	-1.23766	4.78879	2.96261	0.00183871
2	620	-4.99026	0.452147	0.00538089	5.43694
3	620	-2.02941	-4.60193	6.81846	0.0157959
0	630	4.7798	-1.80573	0.0116216	8.09805
1	630	-1.23766	4.78879	2.96261	0.00183871
2	630	-4.99026	0.452147	0.00538089	5.43694
3	630	-2.02941	-4.60294	6.81846	0.0145738
0	640	4.78007	-1.80573	0.0104528	8.09805
1	640	-1.23766	4.78879	2.96261	0.00183871
2	640	-4.99026	0.452147	0.00538089	5.43694
3	640	-2.02941	-4.60387	6.81846	0.0134462
0	650	4.78032	-1.80573	0.0094002	8.09805
1	650	-1.23766	4.78879	2.96261	0.00183871
2	650	-4.99026	0.452147	0.00538089	5.43694
3	650	-2.02941	-4.60473	6.81846	0.0124061
0	660	4.78055	-1.80573	0.00845619	8.09805
1	660	-1.23766	4.78879	2.96261	0.00183871
2	660	-4.99026	0.452147	0.00538089	5.43694
3	660	-2.02941	-4.60552	6.81846	0.0114465
0	670	4.78076	-1.80573	0.00761189	8.09805
1	670	-1.23766	4.78879	2.96261	0.00183871
2	670	-4.99026	0.452147	0.00538089	5.43694
3	670	-2.02941	-4.60625	6.81846	0.0105612
0	680	4.78094	-1.80573	0.00686206	8.09805
1	680	-1.23766	4.78879	2.96261	0.00183871
2	680	-4.99026	0.452147	0.00538089	5.43694
3	680	-2.02941	-4.60692	6.81846	0.00974391
0	690	4.78112	-1.80573	0.00620041	8.09805
1	690	-1.23766	4.78879	2.96261	0.00183871
2	690	-4.99026	0.452147	0.00538089	5.43694
3	690	-2.02941	-4.60755	6.81846	0.00898984
0	700	4.78127	-1.80573	0.00562082	8.09805
1	700	-1.23766	4.78879	2.96261	0.00183871
2	700	-4.99026	0.452147	0.00538089	5.43694
3	700	-2.02941	-4.60812	6.81846	0.00829463
0	710	4.78141	-1.80573	0.005119	8.09805
1	710	-1.23766	4.78879	2.96261	0.00183871
2	710	-4.99026	0.452147	0.00538089	5.43694
3	710	-2.02941	-4.60865	6.81846	0.00765287
0	720	4.78154	-1.80573	0.00469018	8.09805
1	720	-1.23766	4.78879	2.96261	0.00183871
2	720	-4.99026	0.452147	0.00538089	5.43694
3	720	-2.02941	-4.60906	6.81846	0.00707816
0	730	4.78166	-1.80573	0.00432972	8.09805
1	730	-1.23766	4.78879	2.96261	0.00183871
2	730	-4.99026	0.452147	0.00538089	5.43694
3	730	-2.02941	-4.60922	6.81846	0.00674166
0	740	4.78177	-1.80573	0.00403364	8.09805
1	740	-1.23766	4.78879	2.96261	0.00183871
2	740	-4.99026	0.452147	0.00538089	5.43694
3	740	-2.02941	-4.60922	6.81846	0.00674166
0	750	4.78179	-1.80573	0.00398162	8.09805
1	750	-1.23766	4.78879	2.96261	0.00183871
2	750	-4.99026	0.452147	0.00538089	5.43694
3	750	-2.02941	-4.60922	6.81846	0.00674166
0	760	4.78179	-1.80573	0.00398162	8.09805
1	760	-1.23766	4.78879	2.96261	0.00183871
2	760	-4.99026	0.452147	0.00538089	5.43694
3	760	-2.02941	-4.60922	6.81846	0.00674166
0	770	4.78179	-1.80573	0.00398162	8.09805
1	770	-1.23766	4.78879	2.96261	0.00183871
2	770	-4.99026	0.452147	0.00538089	5.43694
3	770	-2.02941	-4.60922	6.81846	0.00674166
0	780	4.78179	-1.80573	0.00398162	8.09805
1	780	-1.23766	4.78879	2.96261	0.00183871
2	780	-4.99026	0.452147	0.00538089	5.43694
3	780	-2.02941	-4.60922	6.81846	0.00674166
0	790	4.78179	-1.80573	0.00398162	8.09805
1	790	-1.23766	4.78879	2.96261	0.00183871
2	790	-4.99026	0.452147	0.00538089	5.43694
3	790	-2.02941	-4.60922	6.81846	0.00674166
0	800	4.78179	-1.80573	0.00398162	8.09805
1	800	-1.23766	4.78879	2.96261	0.00183871
2	800	-4.99026	0.452147	0.00538089	5.43694
3	800	-2.02941	-4.60922	6.81846	0.00674166
0	810	4.78179	-1.80573	0.00398162	8.09805
1	810	-1.23766	4.78879	2.96261	0.00183871
2	810	-4.99026	0.452147	0.00538089	5.43694
3	810	-2.02941	-4.60922	6.81846	0.00674166
0	820	4.78179	-1.80573	0.00398162	8.09805
1	820	-1.23766	4.78879	2.96261	0.00183871
2	820	-4.99026	0.452147	0.00538089	5.43694
3	820	-2.02941	-4.60922	6.81846	0.00674166
0	830	4.78179	-1.80573	0.00398162	8.09805
1	830	-1.23766	4.78879	2.96261	0.00183871
2	830	-4.99026	0.452147	0.00538089	5.43694
3	830	-2.02941	-4.60922	6.81846	0.00674166
0	840	4.78179	-1.80573	0.00398162	8.09805
1	840	-1.23766	4.78879	2.96261	0.00183871
2	840	-4.99026	0.452147	0.00538089	5.43694
3	840	-2.02941	-4.60922	6.81846	0.00674166
0	850	4.78179	-1.80573	0.00398162	8.09805
1	850	-1.23766	4.78879	2.96261	0.00183871
2	850	-4.99026	0.452147	0.00538089	5.43694
3	850	-2.02941	-4.60922	6.81846	0.00674166
0	860	4.78179	-1.80573	0.00398162	8.09805
1	860	-1.23766	4.78879	2.96261	0.00183871
2	860	-4.99026	0.452147	0.00538089	5.43694
3	860	-2.02941	-4.60922	6.81846	0.00674166
0	870	4.78179	-1.80573	0.00398162	8.09805
1	870	-1.23766	4.78879	2.96261	0.00183871
2	870	-4.99026	0.452147	0.00538089	5.43694
3	870	-2.02941	-4.60922	6.81846	0.00674166
0	880	4.78179	-1.80573	0.00398162	8.09805
1	880	-1.23766	4.78879	2.96261	0.00183871
2	880	-4.99026	0.452147	0.00538089	5.43694
3	880	-2.02941	-4.60922	6.81846	0.00674166
0	890	4.78179	-1.80573	0.00398162	8.09805
1	890	-1.23766	4.78879	2.96261	0.00183871
2	890	-4.99026	0.452147	0.00538089	5.43694
3	890	-2.02941	-4.60922	6.81846	0.00674166
0	900	4.78179	-1.80573	0.00398162	8.09805
1	900	-1.23766	4.78879	2.96261	0.00183871
2	900	-4.99026	0.452147	0.00538089	5.43694
3	900	-2.02941	-4.60922	6.81846	0.00674166
0	910	4.78179	-1.80573	0.00398162	8.09805
1	910	-1.23766	4.78879	2.96261	0.00183871
2	910	-4.99026	0.452147	0.00538089	5.43694
3	910	-2.02941	-4.60922	6.81846	0.00674166
0	920	4.78179	-1.80573	0.00398162	8.09805
1	920	-1.23766	4.78879	2.96261	0.00183871
2	920	-4.99026	0.452147	0.00538089	5.43694
3	920	-2.02941	-4.60922	6.81846	0.00674166
0	930	4.78179	-1.80573	0.00398162	8.09805
1	930	-1.23766	4.78879	2.96261	0.00183871
2	930	-4.99026	0.452147	0.00538089	5.43694
3	930	-2.02941	-4.60922	6.81846	0.00674166
0	940	4.78179	-1.80573	0.00398162	8.09805
1	940	-1.23766	4.78879	2.96261	0.00183871
2	940	-4.99026	0.452147	0.00538089	5.43694
3	940	-2.02941	-4.60922	6.81846	0.00674166
0	950	4.78179	-1.80573	0.00398162	8.09805
1	950	-1.23766	4.78879	2.96261	0.00183871
2	950	-4.99026	0.452147	0.00538089	5.43694
3	950	-2.02941	-4.60922	6.81846	0.00674166
0	960	4.78179	-1.80573	0.00398162	8.09805
1	960	-1.23766	4.78879	2.96261	0.00183871
2	960	-4.99026	0.452147	0.00538089	5.43694
3	960	-2.02941	-4.60922	6.81846	0.00674166
0	970	4.78179	-1.80573	0.00398162	8.09805
1	970	-1.23766	4.78879	2.96261	0.00183871
2	970	-4.99026	0.452147	0.00538089	5.43694
3	970	-2.02941	-4.60922	6.81846	0.00674166
0	980	4.78179	-1.80573	0.00398162	8.09805
1	980	-1.23766	4.78879	2.96261	0.00183871
2	980	-4.99026	0.452147	0.00538089	5.43694
3	980	-2.02941	-4.60922	6.81846	0.00674166
0	990	4.78179	-1.80573	0.00398162	8.09805
1	990	-1.23766	4.78879	2.96261	0.00183871
2	990	-4.99026	0.452147	0.00538089	5.43694
3	990	-2.02941	-4.60922	6.81846	0.00674166
0	1000	4.78179	-1.80573	0.00398162	8.09805
1	1000	-1.23766	4.78879	2.96261	0.00183871
2	1000	-4.99026	0.452147	0.00538089	5.43694
3	1000	-2.02941	-4.60922	6.81846	0.00674166
0	1010	4.78179	-1.80573	0.00398162	8.09805
1	1010	-1.23766	4.78879	2.96261	0.00183871
2	1010	-4.99026	0.452147	0.00538089	5.43694
3	1010	-2.02941	-4.60922	6.81846	0.00674166
0	1020	4.78179	-1.80573	0.00398162	8.09805
1	1020	-1.23766	4.78879	2.96261	0.00183871
2	1020	-4.99026	0.452147	0.00538089	5.43694
3	1020	-2.02941	-4.60922	6.81846	0.00674166
0	1030	4.78179	-1.80573	0.00398162	8.09805
1	1030	-1.23766	4.78879	2.96261	0.00183871
2	1030	-4.99026	0.452147	0.00538089	5.43694
3	1030	-2.02941	-4.60922	6.81846	0.00674166
0	1040	4.78179	-1.80573	0.00398162	8.09805
1	1040	-1.23766	4.78879	2.96261	0.00183871
2	1040	-4.99026	0.452147	0.00538089	5.43694
3	1040	-2.02941	-4.60922	6.81846	0.00674166
0	1050	4.78179	-1.80573	0.00398162	8.09805
1	1050	-1.23766	4.78879	2.96261	0.00183871
2	1050	-4.99026	0.452147	0.00538089	5.43694
3	1050	-2.02941	-4.60922	6.81846	0.00674166
0	1060	4.78179	-1.80573	0.00398162	8.09805
1	1060	-1.23766	4.78879	2.96261	0.00183871
2	1060	-4.99026	0.452147	0.00538089	5.43694
3	1060	-2.02941	-4.60922	6.81846	0.00674166
0	1070	4.78179	-1.80573	0.00398162	8.09805
1	1070	-1.23766	4.78879	2.96261	0.00183871
2	1070	-4.99026	0.452147	0.00538089	5.43694
3	1070	-2.02941	-4.60922	6.81846	0.00674166
0	1080	4.78179	-1.80573	0.00398162	8.09805
1	1080	-1.23766	4.78879	2.96261	0.00183871
2	1080	-4.99026	0.452147	0.00538089	5.43694
3	1080	-2.02941	-4.60922	6.81846	0.00674166
0	1090	4.78179	-1.80573	0.00398162	8.09805
1	1090	-1.23766	4.78879	2.96261	0.00183871
2	1090	-4.99026	0.452147	0.00538089	5.43694
3	1090	-2.02941	-4.60922	6.81846	0.00674166
0	1100	4.78179	-1.80573	0.00398162	8.09805
1	1100	-1.23766	4.78879	2.96261	0.00183871
2	1100	-4.99026	0.452147	0.00538089	5.43694
3	1100	-2.02941	-4.60922	6.81846	0.00674166
0	1110	4.78179	-1.80573	0.00398162	8.09805
1	1110	-1.23766	4.78879	2.96261	0.00183871
2	1110	-4.99026	0.452147	0.00538089	5.43694
3	1110	-2.02941	-4.60922	6.81846	0.00674166
0	1120	4.78179	-1.80573	0.00398162	8.09805
1	1120	-1.23766	4.78879	2.96261	0.00183871
2	1120	-4.99026	0.452147	0.00538089	5.43694
3	1120	-2.02941	-4.60922	6.81846	0.00674166
0	1130	4.78179	-1.80573	0.00398162	8.09805
1	1130	-1.23766	4.78879	2.96261	0.00183871
2	1130	-4.99026	0.452147	0.00538089	5.43694
3	1130	-2.02941	-4.60922	6.81846	0.00674166
0	1140	4.78179	-1.80573	0.00398162	8.09805
1	1140	-1.23766	4.78879	2.96261	0.00183871
2	1140	-4.99026	0.452147	0.00538089	5.43694
3	1140	-2.02941	-4.60922	6.81846	0.00674166
0	1150	4.78179	-1.80573	0.00398162	8.09805
1	1150	-1.23766	4.78879	2.96261	0.00183871
2	1150	-4.99026	0.452147	0.00538089	5.43694
3	1150	-2.02941	-4.60922	6.81846	0.00674166
0	1160	4.78179	-1.80573	0.00398162	8.09805
1	1160	-1.23766	4.78879	2.96261	0.00183871
2	1160	-4.99026	0.452147	0.00538089	5.43694
3	1160	-2.02941	-4.60922	6.81846	0.00674166
0	1170	4.78179	-1.80573	0.00398162	8.09805
1	1170	-1.23766	4.78879	2.96261	0.00183871
2	1170	-4.99026	0.452147	0.00538089	5.43694
3	1170	-2.02941	-4.60922	6.81846	0.00674166
0	1180	4.78179	-1.80573	0.00398162	8.09805
1	1180	-1.23766	4.78879	2.96261	0.00183871
2	1180	-4.99026	0.452147	0.00538089	5.43694
3	1180	-2.02941	-4.60922	6.81846	0.00674166
0	1190	4.78179	-1.80573	0.00398162	8.09805
1	1190	-1.23766	4.78879	2.96261	0.00183871
2	1190	-4.99026	0.452147	0.00538089	5.43694
3	1190	-2.02941	-4.60922	6.81846	0.00674166
0	1200	4.78179	-1.80573	0.00398162	8.09805
1	1200	-1.23766	4.78879	2.96261	0.00183871
2	1200	-4.99026	0.452147	0.00538089	5.43694
3	1200	-2.02941	-4.60922	6.81846	0.00674166
0	1210	4.78179	-1.80573	0.00398162	8.09805
1	1210	-1.23766	4.78879	2.96261	0.00183871
2	1210	-4.99026	0.452147	0.00538089	5.43694
3	1210	-2.02941	-4.60922	6.81846	0.00674166
0	1220	4.78179	-1.80573	0.00398162	8.09805
1	1220	-1.23766	4.78879	2.96261	0.00183871
2	1220	-4.99026	0.452147	0.00538089	5.43694
3	1220	-2.02941	-4.60922	6.81846	0.00674166
0	1230	4.78179	-1.80573	0.00398162	8.09805
1	1230	-1.23766	4.78879	2.96261	0.00183871
2	1230	-4.99026	0.452147	0.00538089	5.43694
3	1230	-2.02941	-4.60922	6.81846	0.00674166
0	1240	4.78179	-1.80573	0.00398162	8.09805
1	1240	-1.23766	4.78879	2.96261	0.00183871
2	1240	-4.99026	0.452147	0.00538089	5.43694
3	1240	-2.02941	-4.60922	6.81846	0.00674166
0	1250	4.78179	-1.80573	0.00398162	8.09805
1	1250	-1.23766	4.78879	2.96261	0.00183871
2	1250	-4.99026	0.452147	0.00538089	5.43694
3	1250	-2.02941	-4.60922	6.81846	0.00674166
0	1260	4.78179	-1.80573	0.00398162	8.09805
1	1260	-1.23766	4.78879	2.96261	0.00183871
2	1260	-4.99026	0.452147	0.00538089	5.43694
3	1260	-2.02941	-4.60922	6.81846	0.00674166
0	1270	4.78179	-1.80573	0.00398162	8.09805
1	1270	-1.23766	4.78879	2.96261	0.00183871
2	1270	-4.99026	0.452147	0.00538089	5.43694
3	1270	-2.02941	-4.60922	6.81846	0.00674166
0	1280	4.78179	-1.80573	0.00398162	8.09805
1	1280	-1.23766	4.78879	2.96261	0.00183871
2	1280	-4.99026	0.452147	0.00538089	5.43694
3	1280	-2.02941	-4.60922	6.81846	0.00674166
0	1290	4.78179	-1.80573	0.00398162	8.09805
1	1290	-1.23766	4.78879	2.96261	0.00183871
2	1290	-4.99026	0.452147	0.00538089	5.43694
3	1290	-2.02941	-4.60922	6.81846	0.00674166
0	1300	4.78179	-1.80573	0.00398162	8.09805
1	1300	-1.23766	4.78879	2.96261	0.00183871
2	1300	-4.99026	0.452147	0.00538089	5.43694
3	1300	-2.02941	-4.60922	6.81846	0.00674166
0	1310	4.78179	-1.80573	0.00398162	8.09805
1	1310	-1.23766	4.78879	2.96261	0.00183871
2	1310	-4.99026	0.452147	0.00538089	5.43694
3	1310	-2.02941	-4.60922	6.81846	0.00674166
0	1320	4.78179	-1.80573	0.00398162	8.09805
1	1320	-1.23766	4.78879	2.96261	0.00183871
2	1320	-4.99026	0.452147	0.00538089	5.43694
3	1320	-2.02941	-4.60922	6.81846	0.00674166
0	1330	4.78179	-1.80573	0.00398162	8.09805
1	1330	-1.23766	4.78879	2.96261	0.00183871
2	1330	-4.99026	0.452147	0.00538089	5.43694
3	1330	-2.02941	-4.60922	6.81846	0.00674166
0	1340	4.78179	-1.80573	0.00398162	8.09805
1	1340	-1.23766	4.78879	2.96261	0.00183871
2	1340	-4.99026	0.452147	0.00538089	5.43694
3	1340	-2.02941	-4.60922	6.81846	0.00674166
0	1350	4.78179	-1.80573	0.00398162	8.09805
1	1350	-1.23766	4.78879	2.96261	0.00183871
2	1350	-4.99026	0.452147	0.00538089	5.43694
3	1350	-2.02941	-4.60922	6.81846	0.00674166
0	1360	4.78179	-1.80573	0.00398162	8.09805
1	1360	-1.23766	4.78879	2.96261	0.00183871
2	1360	-4.99026	0.452147	0.00538089	5.43694
3	1360	-2.02941	-4.60922	6.81846	0.00674166
0	1370	4.78179	-1.80573	0.00398162	8.09805
1	1370	-1.23766	4.78879	2.96261	0.00183871
2	1370	-4.99026	0.452147	0.00538089	5.43694
3	1370	-2.02941	-4.60922	6.81846	0.00674166
0	1380	4.78179	-1.80573	0.00398162	8.09805
1	1380	-1.23766	4.78879	2.96261	0.00183871
2	1380	-4.99026	0.452147	0.00538089	5.43694
3	1380	-2.02941	-4.60922	6.81846	0.00674166
0	1390	4.78179	-1.80573	0.00398162	8.09805
1	1390	-1.23766	4.78879	2.96261	0.00183871
2	1390	-4.99026	0.452147	0.00538089	5.43694
3	1390	-2.02941	-4.60922	6.81846	0.00674166
0	1400	4.78179	-1.80573	0.00398162	8.09805
1	1400	-1.23766	4.78879	2.96261	0.00183871
2	1400	-4.99026	0.452147	0.00538089	5.43694
3	1400	-2.02941	-4.60922	6.81846	0.00674166
0	1410	4.78179	-1.80573	0.00398162	8.09805
1	1410	-1.23766	4.78879	2.96261	0.00183871
2	1410	-4.99026	0.452147	0.00538089	5.43694
3	1410	-2.02941	-4.60922	6.81846	0.00674166
0	1420	4.78179	-1.80573	0.00398162	8.09805
1	1420	-1.23766	4.78879	2.96261	0.00183871
2	1420	-4.99026	0.452147	0.00538089	5.43694
3	1420	-2.02941	-4.60922	6.81846	0.00674166
0	1430	4.78179	-1.80573	0.00398162	8.09805
1	1430	-1.23766	4.78879	2.96261	0.00183871
2	1430	-4.99026	0.452147	0.00538089	5.43694
3	1430	-2.02941	-4.60922	6.81846	0.00674166
0	1440	4.78179	-1.80573	0.00398162	8.09805
1	1440	-1.23766	4.78879	2.96261	0.00183871
2	1440	-4.99026	0.452147	0.00538089	5.43694
3	1440	-2.02941	-4.60922	6.81846	0.00674166
0	1450	4.78179	-1.80573	0.00398162	8.09805
1	1450	-1.23766	4.78879	2.96261	0.00183871
2	1450	-4.99026	0.452147	0.00538089	5.43694
3	1450	-2.02941	-4.60922	6.81846	0.00674166
0	1460	4.78179	-1.80573	0.00398162	8.09805
1	1460	-1.23766	4.78879	2.96261	0.00183871
2	1460	-4.99026	0.452147	0.00538089	5.43694
3	1460	-2.02941	-4.60922	6.81846	0.00674166
0	1470	4.78179	-1.80573	0.00398162	8.09805
1	1470	-1.23766	4.78879	2.96261	0.00183871
2	1470	-4.99026	0.452147	0.00538089	5.43694
3	1470	-2.02941	-4.60922	6.81846	0.00674166
0	1480	4.78179	-1.80573	0.00398162	8.09805
1	1480	-1.23766	4.78879	2.96261	0.00183871
2	1480	-4.99026	0.452147	0.00538089	5.43694
3	1480	-2.02941	-4.60922	6.81846	0.00674166
0	1490	4.78179	-1.80573	0.00398162	8.09805
1	1490	-1.23766	4.78879	2.96261	0.00183871
2	1490	-4.99026	0.452147	0.00538089	5.43694
3	1490	-2.02941	-4.60922	6.81846	0.00674166
0	1500	4.78179	-1.80573	0.00398162	8.09805
1	1500	-1.23766	4.78879	2.96261	0.00183871
2	1500	-4.99026	0.452147	0.00538089	5.43694
3	1500	-2.02941	-4.60922	6.81846	0.00674166
0	1510	4.78179	-1.80573	0.00398162	8.09805
1	1510	-1.23766	4.78879	2.96261	0.00183871
2	1510	-4.99026	0.452147	0.00538089	5.43694
3	1510	-2.02941	-4.60922	6.81846	0.00674166
0	1520	4.78179	-1.80573	0.00398162	8.09805
1	1520	-1.23766	4.78879	2.96261	0.00183871
2	1520	-4.99026	0.452147	0.00538089	5.43694
3	1520	-2.02941	-4.60922	6.81846	0.00674166
0	1530	4.78179	-1.80573	0.00398162	8.09805
1	1530	-1.23766	4.78879	2.96261	0.00183871
2	1530	-4.99026	0.452147	0.00538089	5.43694
3	1530	-2.02941	-4.60922	6.81846	0.00674166
0	1540	4.78179	-1.80573	0.00398162	8.09805
1	1540	-1.23766	4.78879	2.96261	0.00183871
2	1540	-4.99026	0.452147	0.00538089	5.43694
3	1540	-2.02941	-4.60922	6.81846	0.00674166
0	1550	4.78179	-1.80573	0.00398162	8.09805
1	1550	-1.23766	4.78879	2.96261	0.00183871
2	1550	-4.99026	0.452147	0.00538089	5.43694
3	1550	-2.02941	-4.60922	6.81846	0.00674166
0	1560	4.78179	-1.80573	0.00398162	8.09805
1	1560	-1.23766	4.78879	2.96261	0.00183871
2	1560	-4.99026	0.452147	0.00538089	5.43694
3	1560	-2.02941	-4.60922	6.81846	0.00674166
0	1570	4.78179	-1.80573	0.00398162	8.09805
1	1570	-1.23766	4.78879	2.96261	0.00183871
2	1570	-4.99026	0.452147	0.00538089	5.43694
3	1570	-2.02941	-4.60922	6.81846	0.00674166
0	1580	4.78179	-1.80573	0.00398162	8.09805
1	1580	-1.23766	4.78879	2.96261	0.00183871
2	1580	-4.99026	0.452147	0.00538089	5.43694
3	1580	-2.02941	-4.60922	6.81846	0.00674166
0	1590	4.78179	-1.80573	0.00398162	8.09805
1	1590	-1.23766	4.78879	2.96261	0.00183871
2	1590	-4.99026	0.452147	0.00538089	5.43694
3	1590	-2.02941	-4.60922	6.81846	0.00674166
0	1600	4.78179	-1.80573	0.00398162	8.09805
1	1600	-1.23766	4.78879	2.96261	0.00183871
2	1600	-4.99026	0.452147	0.00538089	5.43694
3	1600	-2.02941	-4.60922	6.81846	0.00674166
0	1610	4.78179	-1.80573	0.00398162	8.09805
1	1610	-1.23766	4.78879	2.96261	0.00183871
2	1610	-4.99026	0.452147	0.00538089	5.43694
3	1610	-2.02941	-4.60922	6.81846	0.00674166
0	1620	4.78179	-1.80573	0.00398162	8.09805
1	1620	-1.23766	4.78879	2.96261	0.00183871
2	1620	-4.99026	0.452147	0.00538089	5.43694
3	1620	-2.02941	-4.60922	6.81846	0.00674166
0	1630	4.78179	-1.80573	0.00398162	8.09805
1	1630	-1.23766	4.78879	2.96261	0.00183871
2	1630	-4.99026	0.452147	0.00538089	5.43694
3	1630	-2.02941	-4.60922	6.81846	0.00674166
0	1640	4.78179	-1.80573	0.00398162	8.09805
1	1640	-1.23766	4.78879	2.96261	0.00183871
2	1640	-4.99026	0.452147	0.00538089	5.43694
3	1640	-2.02941	-4.60922	6.81846	0.00674166
0	1650	4.78179	-1.80573	0.00398162	8.09805
1	1650	-1.23766	4.78879	2.96261	0.00183871
2	1650	-4.99026	0.452147	0.00538089	5.43694
3	1650	-2.02941	-4.60922	6.81846	0.00674166
0	1660	4.78179	-1.80573	0.00398162	8.09805
1	1660	-1.23766	4.78879	2.96261	0.00183871
2	1660	-4.99026	0.452147	0.00538089	5.43694
3	1660	-2.02941	-4.60922	6.81846	0.00674166
0	1670	4.78179	-1.80573	0.00398162	8.09805
1	1670	-1.23766	4.78879	2.96261	0.00183871
2	1670	-4.99026	0.452147	0.00538089	5.43694
3	1670	-2.02941	-4.60922	6.81846	0.00674166
0	1680	4.78179	-1.80573	0.00398162	8.09805
1	1680	-1.23766	4.78879	2.96261	0.00183871
2	1680	-4.99026	0.452147	0.00538089	5.43694
3	1680	-2.02941	-4.60922	6.81846	0.00674166
0	1690	4.78179	-1.80573	0.00398162	8.09805
1	1690	-1.23766	4.78879	2.96261	0.00183871
2	1690	-4.99026	0.452147	0.00538089	5.43694
3	1690	-2.02941	-4.60922	6.81846	0.00674166
0	1700	4.78179	-1.80573	0.00398162	8.09805
1	1700	-1.23766	4.78879	2.96261	0.00183871
2	1700	-4.99026	0.452147	0.00538089	5.43694
3	1700	-2.02941	-4.60922	6.81846	0.00674166
0	1710	4.78179	-1.80573	0.00398162	8.09805
1	1710	-1.23766	4.78879	2.96261	0.00183871
2	1710	-4.99026	0.452147	0.00538089	5.43694
3	1710	-2.02941	-4.60922	6.81846	0.00674166
0	1720	4.78179	-1.80573	0.00398162	8.09805
1	1720	-1.23766	4.78879	2.96261	0.00183871
2	1720	-4.99026	0.452147	0.00538089	5.43694
3	1720	-2.02941	-4.60922	6.81846	0.00674166
0	1730	4.78179	-1.80573	0.00398162	8.09805
1	1730	-1.23766	4.78879	2.96261	0.00183871
2	1730	-4.99026	0.452147	0.00538089	5.43694
3	1730	-2.02941	-4.60922	6.81846	0.00674166
0	1740	4.78179	-1.80573	0.00398162	8.09805
1	1740	-1.23766	4.78879	2.96261	0.00183871
2	1740	-4.99026	0.452147	0.00538089	5.43694
3	1740	-2.02941	-4.60922	6.81846	0.00674166
0	1750	4.78179	-1.80573	0.00398162	8.09805
1	1750	-1.23766	4.78879	2.96261	0.00183871
2	1750	-4.99026	0.452147	0.00538089	5.43694
3	1750	-2.02941	-4.60922	6.81846	0.00674166
0	1760	4.78179	-1.80573	0.00398162	8.09805
1	1760	-1.23766	4.78879	2.96261	0.00183871
2	1760	-4.99026	0.452147	0.00538089	5.43694
3	1760	-2.02941	-4.60922	6.81846	0.00674166
0	1770	4.78179	-1.80573	0.00398162	8.09805
1	1770	-1.23766	4.78879	2.96261	0.00183871
2	1770	-4.99026	0.452147	0.00538089	5.43694
3	1770	-2.02941	-4.60922	6.81846	0.00674166
0	1780	4.78179	-1.80573	0.00398162	8.09805
1	1780	-1.23766	4.78879	2.96261	0.00183871
2	1780	-4.99026	0.452147	0.00538089	5.43694
3	1780	-2.02941	-4.60922	6.81846	0.00674166
0	1790	4.78179	-1.80573	0.00398162	8.09805
1	1790	-1.23766	4.78879	2.96261	0.00183871
2	1790	-4.99026	0.452147	0.00538089	5.43694
3	1790	-2.02941	-4.60922	6.81846	0.00674166
0	1800	4.78179	-1.80573	0.00398162	8.09805
1	1800	-1.23766	4.78879	2.96261	0.00183871
2	1800	-4.99026	0.452147	0.00538089	5.43694
3	1800	-2.02941	-4.60922	6.81846	0.00674166
0	1810	4.78179	-1.80573	0.00398162	8.09805
1	1810	-1.23766	4.78879	2.96261	0.00183871
2	1810	-4.99026	0.452147	0.00538089	5.43694
3	1810	-2.02941	-4.60922	6.81846	0.00674166
0	1820	4.78179	-1.80573	0.00398162	8.09805
1	1820	-1.23766	4.78879	2.96261	0.00183871
2	1820	-4.99026	0.452147	0.00538089	5.43694
3	1820	-2.02941	-4.60922	6.81846	0.00674166
0	1830	4.78179	-1.80573	0.00398162	8.09805
1	1830	-1.23766	4.78879	2.96261	0.00183871
2	1830	-4.99026	0.452147	0.00538089	5.43694
3	1830	-2.02941	-4.60922	6.81846	0.00674166
0	1840	4.78179	-1.80573	0.00398162	8.09805
1	1840	-1.23766	4.78879	2.96261	0.00183871
2	1840	-4.99026	0.452147	0.00538089	5.43694
3	1840	-2.02941	-4.60922	6.81846	0.00674166
0	1850	4.78179	-1.80573	0.00398162	8.09805
1	1850	-1.23766	4.78879	2.96261	0.00183871
2	1850	-4.99026	0.452147	0.00538089	5.43694
3	1850	-2.02941	-4.60922	6.81846	0.00674166
0	1860	4.78179	-1.80573	0.00398162	8.09805
1	1860	-1.23766	4.78879	2.96261	0.00183871
2	1860	-4.99026	0.452147	0.00538089	5.43694
3	1860	-2.02941	-4.60922	6.81846	0.00674166
0	1870	4.78179	-1.80573	0.00398162	8.09805
1	1870	-1.23766	4.78879	2.96261	0.00183871
2	1870	-4.99026	0.452147	0.00538089	5.43694
3	1870	-2.02941	-4.60922	6.81846	0.00674166
0	1880	4.78179	-1.80573	0.00398162	8.09805
1	1880	-1.23766	4.78879	2.96261	0.00183871
2	1880	-4.99026	0.452147	0.00538089	5.43694
3	1880	-2.02941	-4.60922	6.81846	0.00674166
0	1890	4.78179	-1.80573	0.00398162	8.09805
1	1890	-1.23766	4.78879	2.96261	0.00183871
2	1890	-4.99026	0.452147	0.00538089	5.43694
3	1890	-2.02941	-4.60922	6.81846	0.00674166
0	1900	4.78179	-1.80573	0.00398162	8.09805
1	1900	-1.23766	4.78879	2.96261	0.00183871
2	1900	-4.99026	0.452147	0.00538089	5.43694
3	1900	-2.02941	-4.60922	6.81846	0.00674166
0	1910	4.78179	-1.80573	0.00398162	8.09805
1	1910	-1.23766	4.78879	2.96261	0.00183871
2	1910	-4.99026	0.452147	0.00538089	5.43694
3	1910	-2.02941	-4.60922	6.81846	0.00674166
0	1920	4.78179	-1.80573	0.00398162	8.09805
1	1920	-1.23766	4.78879	2.96261	0.00183871
2	1920	-4.99026	0.452147	0.00538089	5.43694
3	1920	-2.02941	-4.60922	6.81846	0.00674166
0	1930	4.78179	-1.80573	0.00398162	8.09805
1	1930	-1.23766	4.78879	2.96261	0.00183871
2	1930	-4.99026	0.452147	0.00538089	5.43694
3	1930	-2.02941	-4.60922	6.81846	0.00674166
0	1940	4.78179	-1.80573	0.00398162	8.09805
1	1940	-1.23766	4.78879	2.96261	0.00183871
2	1940	-4.99026	0.452147	0.00538089	5.43694
3	1940	-2.02941	-4.60922	6.81846	0.00674166
0	1950	4.78179	-1.80573	0.00398162	8.09805
1	1950	-1.23766	4.78879	2.96261	0.00183871
2	1950	-4.99026	0.452147	0.00538089	5.43694
3	1950	-2.02941	-4.60922	6.81846	0.00674166
0	1960	4.78179	-1.80573	0.00398162	8.09805
1	1960	-1.23766	4.78879	2.96261	0.00183871
2	1960	-4.99026	0.452147	0.00538089	5.43694
3	1960	-2.02941	-4.60922	6.81846	0.00674166
0	1970	4.78179	-1.80573	0.00398162	8.09805
1	1970	-1.23766	4.78879	2.96261	0.00183871
2	1970	-4.99026	0.452147	0.00538089	5.43694
3	1970	-2.02941	-4.60922	6.81846	0.00674166
0	1980	4.78179	-1.80573	0.00398162	8.09805
1	1980	-1.23766	4.78879	2.96261	0.00183871
2	1980	-4.99026	0.452147	0.00538089	5.43694
3	1980	-2.02941	-4.60922	6.81846	0.00674166
0	1990	4.78179	-1.80573	0.00398162	8.09805
1	1990	-1.23766	4.78879	2.96261	0.00183871
2	1990	-4.99026	0.452147	0.00538089	5.43694
3	1990	-2.02941	-4.60922	6.81846	0.00674166
0	2000	4.78179	-1.80573	0.00398162	8.09805
1	2000	-1.23766	4.78879	2.96261	0.00183871
2	2000	-4.99026	0.452147	0.00538089	5.43694
3	2000	-2.02941	-4.60922	6.81846	0.00674166
0	2010	4.78179	-1.80573	0.00398162	8.09805
1	2010	-1.23766	4.78879	2.96261	0.00183871
2	2010	-4.99026	0.452147	0.00538089	5.43694
3	2010	-2.02941	-4.60922	6.81846	0.00674166
0	2020	4.78179	-1.80573	0.00398162	8.09805
1	2020	-1.23766	4.78879	2.96261	0.00183871
2	2020	-4.99026	0.452147	0.00538089	5.43694
3	2020	-2.02941	-4.60922	6.81846	0.00674166
0	2030	4.78179	-1.80573	0.00398162	8.09805
1	2030	-1.23766	4.78879	2.96261	0.00183871
2	2030	-4.99026	0.452147	0.00538089	5.43694
3	2030	-2.02941	-4.60922	6.81846	0.00674166
0	2040	4.78179	-1.80573	0.00398162	8.09805
1	2040	-1.23766	4.78879	2.96261	0.00183871
2	2040	-4.99026	0.452147	0.00538089	5.43694
3	2040	-2.02941	-4.60922	6.81846	0.00674166
0	2050	4.78179	-1.80573	0.00398162	8.09805
1	2050	-1.23766	4.78879	2.96261	0.00183871
2	2050	-4.99026	0.452147	0.00538089	5.43694
3	2050	-2.02941	-4.60922	6.81846	0.00674166
0	2060	4.78179	-1.80573	0.00398162	8.09805
1	2060	-1.23766	4.78879	2.96261	0.00183871
2	2060	-4.99026	0.452147	0.00538089	5.43694
3	2060	-2.02941	-4.60922	6.81846	0.00674166
0	2070	4.78179	-1.80573	0.00398162	8.09805
1	2070	-1.23766	4.78879	2.96261	0.00183871
2	2070	-4.99026	0.452147	0.00538089	5.43694
3	2070	-2.02941	-4.60922	6.81846	0.00674166
0	2080	4.78179	-1.80573	0.00398162	8.09805
1	2080	-1.23766	4.78879	2.96261	0.00183871
2	2080	-4.99026	0.452147	0.00538089	5.43694
3	2080	-2.02941	-4.60922	6.81846	0.00674166
0	2090	4.78179	-1.80573	0.00398162	8.09805
1	2090	-1.23766	4.78879	2.96261	0.00183871
2	2090	-4.99026	0.452147	0.00538089	5.43694
3	2090	-2.02941	-4.60922	6.81846	0.00674166
0	2100	4.78179	-1.80573	0.00398162	8.09805
1	2100	-1.23766	4.78879	2.96261	0.00183871
2	2100	-4.99026	0.452147	0.00538089	5.43694
3	2100	-2.02941	-4.60922	6.81846	0.00674166
0	2110	4.78179	-1.80573	0.00398162	8.09805
1	2110	-1.23766	4.78879	2.96261	0.00183871
2	2110	-4.99026	0.452147	0.00538089	5.43694
3	2110	-2.02941	-4.60922	6.81846	0.00674166
0	2120	4.78179	-1.80573	0.00398162	8.09805
1	2120	-1.23766	4.78879	2.96261	0.00183871
2	2120	-4.99026	0.452147	0.00538089	5.43694
3	2120	-2.02941	-4.60922	6.81846	0.00674166
0	2130	4.78179	-1.80573	0.00398162	8.09805
1	2130	-1.23766	4.78879	2.96261	0.00183871
2	2130	-4.99026	0.452147	0.00538089	5.43694
3	2130	-2.02941	-4.60922	6.81846	0.00674166
0	2140	4.78179	-1.80573	0.00398162	8.09805
1	2140	-1.23766	4.78879	2.96261	0.00183871
2	2140	-4.99026	0.452147	0.00538089	5.43694
3	2140	-2.02941	-4.60922	6.81846	0.00674166
0	2150	4.78179	-1.80573	0.00398162	8.09805
1	2150	-1.23766	4.78879	2.96261	0.00183871
2	2150	-4.99026	0.452147	0.00538089	5.43694
3	2150	-2.02941	-4.60922	6.81846	0.00674166
0	2160	4.78179	-1.80573	0.00398162	8.09805
1	2160	-1.23766	4.78879	2.96261	0.00183871
2	2160	-4.99026	0.452147	0.00538089	5.43694
3	2160	-2.02941	-4.60922	6.81846	0.00674166
0	2170	4.78179	-1.80573	0.00398162	8.09805
1	2170	-1.23766	4.78879	2.96261	0.00183871
2	2170	-4.99026	0.452147	0.00538089	5.43694
3	2170	-2.02941	-4.60922	6.81846	0.00674166
0	2180	4.78179	-1.80573	0.00398162	8.09805
1	2180	-1.23766	4.78879	2.96261	0.00183871
2	2180	-4.99026	0.452147	0.00538089	5.43694
3	2180	-2.02941	-4.60922	6.81846	0.00674166
0	2190	4.78179	-1.80573	0.00398162	8.09805
1	2190	-1.23766	4.78879	2.96261	0.00183871
2	2190	-4.99026	0.452147	0.00538089	5.43694
3	2190	-2.02941	-4.60922	6.81846	0.00674166
0	2200	4.78179	-1.80573	0.00398162	8.09805
1	2200	-1.23766	4.78879	2.96261	0.00183871
2	2200	-4.99026	0.452147	0.00538089	5.43694
3	2200	-2.02941	-4.60922	6.81846	0.00674166
0	2210	4.78179	-1.80573	0.00398162	8.09805
1	2210	-1.23766	4.78879	2.96261	0.00183871
2	2210	-4.99026	0.452147	0.00538089	5.43694
3	2210	-2.02941	-4.60922	6.81846	0.00674166
0	2220	4.78179	-1.80573	0.00398162	8.09805
1	2220	-1.23766	4.78879	2.96261	0.00183871
2	2220	-4.99026	0.452147	0.00538089	5.43694
3	2220	-2.02941	-4.60922	6.81846	0.00674166
0	2230	4.78179	-1.80573	0.00398162	8.09805
1	2230	-1.23766	4.78879	2.96261	0.00183871
2	2230	-4.99026	0.452147	0.00538089	5.43694
3	2230	-2.02941	-4.60922	6.81846	0.00674166
0	2240	4.78179	-1.80573	0.00398162	8.09805
1	2240	-1.23766	4.78879	2.96261	0.00183871
2	2240	-4.99026	0.452147	0.00538089	5.43694
3	2240	-2.02941	-4.60922	6.81846	0.00674166
0	2250	4.78179	-1.80573	0.00398162	8.09805
1	2250	-1.23766	4.78879	2.96261	0.00183871
2	2250	-4.99026	0.452147	0.00538089	5.43694
3	2250	-2.02941	-4.60922	6.81846	0.00674166
0	2260	4.78179	-1.80573	0.00398162	8.09805
1	2260	-1.23766	4.78879	2.96261	0.00183871
2	2260	-4.99026	0.452147	0.00538089	5.43694
3	2260	-2.02941	-4.60922	6.81846	0.00674166
0	2270	4.78179	-1.80573	0.00398162	8.09805
1	2270	-1.23766	4.78879	2.96261	0.00183871
2	2270	-4.99026	0.452147	0.00538089	5.43694
3	2270	-2.02941	-4.60922	6.81846	0.00674166
0	2280	4.78179	-1.80573	0.00398162	8.09805
1	2280	-1.23766	4.78879	2.96261	0.00183871
2	2280	-4.99026	0.452147	0.00538089	5.43694
3	2280	-2.02941	-4.60922	6.81846	0.00674166
0	2290	4.78179	-1.80573	0.00398162	8.09805
1	2290	-1.23766	4.78879	2.96261	0.00183871
2	2290	-4.99026	0.452147	0.00538089	5.43694
3	2290	-2.02941	-4.60922	6.81846	0.00674166
0	2300	4.78179	-1.80573	0.00398162	8.09805
1	2300	-1.23766	4.78879	2.96261	0.00183871
2	2300	-4.99026	0.452147	0.00538089	5.43694
3	2300	-2.02941	-4.60922	6.81846	0.00674166
0	2310	4.78179	-1.80573	0.00398162	8.09805
1	2310	-1.23766	4.78879	2.96261	0.00183871
2	2310	-4.99026	0.452147	0.00538089	5.43694
3	2310	-2.02941	-4.60922	6.81846	0.00674166
0	2320	4.78179	-1.80573	0.00398162	8.09805
1	2320	-1.23766	4.78879	2.96261	0.00183871
2	2320	-4.99026	0.452147	0.00538089	5.43694
3	2320	-2.02941	-4.60922	6.81846	0.00674166
0	2330	4.78179	-1.80573	0.00398162	8.09805
1	2330	-1.23766	4.78879	2.96261	0.00183871
2	2330	-4.99026	0.452147	0.00538089	5.43694
3	2330	-2.02941	-4.60922	6.81846	0.00674166
0	2340	4.78179	-1.80573	0.00398162	8.09805
1	2340	-1.23766	4.78879	2.96261	0.00183871
2	2340	-4.99026	0.452147	0.00538089	5.43694
3	2340	-2.02941	-4.60922	6.81846	0.00674166
0	2350	4.78179	-1.80573	0.00398162	8.09805
1	2350	-1.23766	4.78879	2.96261	0.00183871
2	2350	-4.99026	0.452147	0.00538089	5.43694
3	2350	-2.02941	-4.60922	6.81846	0.00674166
0	2360	4.78179	-1.80573	0.00398162	8.09805
1	2360	-1.23766	4.78879	2.96261	0.00183871
2	2360	-4.99026	0.452147	0.00538089	5.43694
3	2360	-2.02941	-4.60922	6.81846	0.00674166
0	2370	4.78179	-1.80573	0.00398162	8.09805
1	2370	-1.23766	4.78879	2.96261	0.00183871
2	2370	-4.99026	0.452147	0.00538089	5.43694
3	2370	-2.02941	-4.60922	6.81846	0.00674166
0	2380	4.78179	-1.80573	0.00398162	8.09805
1	2380	-1.23766	4.78879	2.96261	0.00183871
2	2380	-4.99026	0.452147	0.00538089	5.43694
3	2380	-2.02941	-4.60922	6.81846	0.00674166
0	2390	4.78179	-1.80573	0.00398162	8.09805
1	2390	-1.23766	4.78879	2.96261	0.00183871
2	2390	-4.99026	0.452147	0.00538089	5.43694
3	2390	-2.02941	-4.60922	6.81846	0.00674166
0	2400	4.78179	-1.80573	0.00398162	8.09805
1	2400	-1.23766	4.78879	2.96261	0.00183871
2	2400	-4.99026	0.452147	0.00538089	5.43694
3	2400	-2.02941	-4.60922	6.81846	0.00674166
0	2410	4.78179	-1.80573	0.00398162	8.09805
1	2410	-1.23766	4.78879	2.96261	0.00183871
2	2410	-4.99026	0.452147	0.00538089	5.43694
3	2410	-2.02941	-4.60922	6.81846	0.00674166
0	2420	4.78179	-1.80573	0.00398162	8.09805
1	2420	-1.23766	4.78879	2.96261	0.00183871
2	2420	-4.99026	0.452147	0.00538089	5.43694
3	2420	-2.02941	-4.60922	6.81846	0.00674166
0	2430	4.78179	-1.80573	0.00398162	8.09805
1	2430	-1.23766	4.78879	2.96261	0.00183871
2	2430	-4.99026	0.452147	0.00538089	5.43694
3	2430	-2.02941	-4.60922	6.81846	0.00674166
0	2440	4.78179	-1.80573	0.00398162	8.09805
1	2440	-1.23766	4.78879	2.96261	0.00183871
2	2440	-4.99026	0.452147	0.00538089	5.43694
3	2440	-2.02941	-4.60922	6.81846	0.00674166
0	2450	4.78179	-1.80573	0.00398162	8.09805
1	2450	-1.23766	4.78879	2.96261	0.00183871
2	2450	-4.99026	0.452147	0.00538089	5.43694
3	2450	-2.02941	-4.60922	6.81846	0.00674166
0	2460	4.78179	-1.80573	0.00398162	8.09805
1	2460	-1.23766	4.78879	2.96261	0.00183871
2	2460	-4.99026	0.452147	0.00538089	5.43694
3	2460	-2.02941	-4.60922	6.81846	0.00674166
0	2470	4.78179	-1.80573	0.00398162	8.09805
1	2470	-1.23766	4.78879	2.96261	0.00183871
2	2470	-4.99026	0.452147	0.00538089	5.43694
3	2470	-2.02941	-4.60922	6.81846	0.00674166
0	2480	4.78179	-1.80573	0.00398162	8.09805
1	2480	-1.23766	4.78879	2.96261	0.00183871
2	2480	-4.99026	0.452147	0.00538089	5.43694
3	2480	-2.02941	-4.60922	6.81846	0.00674166
0	2490	4.78179	-1.80573	0.00398162	8.09805
1	2490	-1.23766	4.78879	2.96261	0.00183871
2	2490	-4.99026	0.452147	0.00538089	5.43694
3	2490	-2.02941	-4.60922	6.81846	0.00674166
0	2500	4.78179	-1.80573	0.00398162	8.09805
1	2500	-1.23766	4.78879	2.96261	0.00183871
2	2500	-4.99026	0.452147	0.00538089	5.43694
3	2500	-2.02941	-4.60922	6.81846	0.00674166
0	2510	4.78179	-1.80573	0.00398162	8.09805
1	2510	-1.23766	4.78879	2.96261	0.00183871
2	2510	-4.99026	0.452147	0.00538089	5.43694
3	2510	-2.02941	-4.60922	6.81846	0.00674166
0	2520	4.78179	-1.80573	0.00398162	8.09805
1	2520	-1.23766	4.78879	2.96261	0.00183871
2	2520	-4.99026	0.452147	0.00538089	5.43694
3	2520	-2.02941	-4.60922	6.81846	0.00674166
0	2530	4.78179	-1.80573	0.00398162	8.09805
1	2530	-1.23766	4.78879	2.96261	0.00183871
2	2530	-4.99026	0.452147	0.00538089	5.43694
3	2530	-2.02941	-4.60922	6.81846	0.00674166
0	2540	4.78179	-1.80573	0.00398162	8.09805
1	2540	-1.23766	4.78879	2.96261	0.00183871
2	2540	-4.99026	0.452147	0.00538089	5.43694
3	2540	-2.02941	-4.60922	6.81846	0.00674166
0	2550	4.78179	-1.80573	0.00398162	8.09805
1	2550	-1.23766	4.78879	2.96261	0.00183871
2	2550	-4.99026	0.452147	0.00538089	5.43694
3	2550	-2.02941	-4.60922	6.81846	0.00674166
0	2560	4.78179	-1.80573	0.00398162	8.09805
1	2560	-1.23766	4.78879	2.96261	0.00183871
2	2560	-4.99026	0.452147	0.00538089	5.43694
3	2560	-2.02941	-4.60922	6.81846	0.00674166
0	2570	4.78179	-1.80573	0.00398162	8.09805
1	2570	-1.23766	4.78879	2.96261	0.00183871
2	2570	-4.99026	0.452147	0.00538089	5.43694
3	2570	-2.02941	-4.60922	6.81846	0.00674166
0	2580	4.78179	-1.80573	0.00398162	8.09805
1	2580	-1.23766	4.78879	2.96261	0.00183871
2	2580	-4.99026	0.452147	0.00538089	5.43694
3	2580	-2.02941	-4.60922	6.81846	0.00674166
0	2590	4.78179	-1.80573	0.00398162	8.09805
1	2590	-1.23766	4.78879	2.96261	0.00183871
2	2590	-4.99026	0.452147	0.00538089	5.43694
3	2590	-2.02941	-4.60922	6.81846	0.00674166
0	2600	4.78179	-1.80573	0.00398162	8.09805
1	2600	-1.23766	4.78879	2.96261	0.00183871
2	2600	-4.99026	0.452147	0.00538089	5.43694
3	2600	-2.02941	-4.60922	6.81846	0.00674166
0	2610	4.78179	-1.80573	0.00398162	8.09805
1	2610	-1.23766	4.78879	2.96261	0.00183871
2	2610	-4.99026	0.452147	0.00538089	5.43694
3	2610	-2.02941	-4.60922	6.81846	0.00674166
0	2620	4.78179	-1.80573	0.00398162	8.09805
1	2620	-1.23766	4.78879	2.96261	0.00183871
2	2620	-4.99026	0.452147	0.00538089	5.43694
3	2620	-2.02941	-4.60922	6.81846	0.00674166
0	2630	4.78179	-1.80573	0.00398162	8.09805
1	2630	-1.23766	4.78879	2.96261	0.00183871
2	2630	-4.99026	0.452147	0.00538089	5.43694
3	2630	-2.02941	-4.60922	6.81846	0.00674166
0	2640	4.78179	-1.80573	0.00398162	8.09805
1	2640	-1.23766	4.78879	2.96261	0.00183871
2	2640	-4.99026	0.452147	0.00538089	5.43694
3	2640	-2.02941	-4.60922	6.81846	0.00674166
0	2650	4.78179	-1.80573	0.00398162	8.09805
1	2650	-1.23766	4.78879	2.96261	0.00183871
2	2650	-4.99026	0.452147	0.00538089	5.43694
3	2650	-2.02941	-4.60922	6.81846	0.00674166
0	2660	4.78179	-1.80573	0.00398162	8.09805
1	2660	-1.23766	4.78879	2.96261	0.00183871
2	2660	-4.99026	0.452147	0.00538089	5.43694
3	2660	-2.02941	-4.60922	6.81846	0.00674166
0	2670	4.78179	-1.80573	0.00398162	8.09805
1	2670	-1.23766	4.78879	2.96261	0.00183871
2	2670	-4.99026	0.452147	0.00538089	5.43694
3	2670	-2.02941	-4.60922	6.81846	0.00674166
0	2680	4.78179	-1.80573	0.00398162	8.09805
1	2680	-1.23766	4.78879	2.96261	0.00183871
2	2680	-4.99026	0.452147	0.00538089	5.43694
3	2680	-2.02941	-4.60922	6.81846	0.00674166
0	2690	4.78179	-1.80573	0.00398162	8.09805
1	2690	-1.23766	4.78879	2.96261	0.00183871
2	2690	-4.99026	0.452147	0.00538089	5.43694
3	2690	-2.02941	-4.60922	6.81846	0.00674166
0	2700	4.78179	-1.80573	0.00398162	8.09805
1	2700	-1.23766	4.78879	2.96261	0.00183871
2	2700	-4.99026	0.452147	0.00538089	5.43694
3	2700	-2.02941	-4.60922	6.81846	0.00674166
0	2710	4.78179	-1.80573	0.00398162	8.09805
1	2710	-1.23766	4.78879	2.96261	0.00183871
2	2710	-4.99026	0.452147	0.00538089	5.43694
3	2710	-2.02941	-4.60922	6.81846	0.00674166
0	2720	4.78179	-1.80573	0.00398162	8.09805
1	2720	-1.23766	4.78879	2.96261	0.00183871
2	2720	-4.99026	0.452147	0.00538089	5.43694
3	2720	-2.02941	-4.60922	6.81846	0.00674166
0	2730	4.78179	-1.80573	0.00398162	8.09805
1	2730	-1.23766	4.78879	2.96261	0.00183871
2	2730	-4.99026	0.452147	0.00538089	5.43694
3	2730	-2.02941	-4.60922	6.81846	0.00674166
0	2740	4.78179	-1.80573	0.00398162	8.09805
1	2740	-1.23766	4.78879	2.96261	0.00183871
2	2740	-4.99026	0.452147	0.00538089	5.43694
3	2740	-2.02941	-4.60922	6.81846	0.00674166
0	2750	4.78179	-1.80573	0.00398162	8.09805
1	2750	-1.23766	4.78879	2.96261	0.00183871
2	2750	-4.99026	0.452147	0.00538089	5.43694
3	2750	-2.02941	-4.60922	6.81846	0.00674166
0	2760	4.78179	-1.80573	0.00398162	8.09805
1	2760	-1.23766	4.78879	2.96261	0.00183871
2	2760	-4.99026	0.452147	0.00538089	5.43694
3	2760	-2.02941	-4.60922	6.81846	0.00674166
0	2770	4.78179	-1.80573	0.00398162	8.09805
1	2770	-1.23766	4.78879	2.96261	0.00183871
2	2770	-4.99026	0.452147	0.00538089	5.43694
3	2770	-2.02941	-4.60922	6.81846	0.00674166
0	2780	4.78179	-1.80573	0.00398162	8.09805
1	2780	-1.23766	4.78879	2.96261	0.00183871
2	2780	-4.99026	0.452147	0.00538089	5.43694
3	2780	-2.02941	-4.60922	6.81846	0.00674166
0	2790	4.78179	-1.80573	0.00398162	8.09805
1	2790	-1.23766	4.78879	2.96261	0.00183871
2	2790	-4.99026	0.452147	0.00538089	5.43694
3	2790	-2.02941	-4.60922	6.81846	0.00674166
0	2800	4.78179	-1.80573	0.00398162	8.09805
1	2800	-1.23766	4.78879	2.96261	0.00183871
2	2800	-4.99026	0.452147	0.00538089	5.43694
3	2800	-2.02941	-4.60922	6.81846	0.00674166
0	2810	4.78179	-1.80573	0.00398162	8.09805
1	2810	-1.23766	4.78879	2.96261	0.00183871
2	2810	-4.99026	0.452147	0.00538089	5.43694
3	2810	-2.02941	-4.60922	6.81846	0.00674166
0	2820	4.78179	-1.80573	0.00398162	8.09805
1	2820	-1.23766	4.78879	2.96261	0.00183871
2	2820	-4.99026	0.452147	0.00538089	5.43694
3	2820	-2.02941	-4.60922	6.81846	0.00674166
0	2830	4.78179	-1.80573	0.00398162	8.09805
1	2830	-1.23766	4.78879	2.96261	0.00183871
2	2830	-4.99026	0.452147	0.00538089	5.43694
3	2830	-2.02941	-4.60922	6.81846	0.00674166
0	2840	4.78179	-1.80573	0.00398162	8.09805
1	2840	-1.23766	4.78879	2.96261	0.00183871
2	2840	-4.99026	0.452147	0.00538089	5.43694
3	2840	-2.02941	-4.60922	6.81846	0.00674166
0	2850	4.78179	-1.80573	0.00398162	8.09805
1	2850	-1.23766	4.78879	2.96261	0.00183871
2	2850	-4.99026	0.452147	0.00538089	5.43694
3	2850	-2.02941	-4.60922	6.81846	0.00674166
0	2860	4.78179	-1.80573	0.00398162	8.09805
1	2860	-1.23766	4.78879	2.96261	0.00183871
2	2860	-4.99026	0.452147	0.00538089	5.43694
3	2860	-2.02941	-4.60922	6.81846	0.00674166
0	2870	4.78179	-1.80573	0.00398162	8.09805
1	2870	-1.23766	4.78879	2.96261	0.00183871
2	2870	-4.99026	0.452147	0.00538089	5.43694
3	2870	-2.02941	-4.60922	6.81846	0.00674166
0	2880	4.78179	-1.80573	0.00398162	8.09805
1	2880	-1.23766	4.78879	2.96261	0.00183871
2	2880	-4.99026	0.452147	0.00538089	5.43694
3	2880	-2.02941	-4.60922	6.81846	0.00674166
0	2890	4.78179	-1.80573	0.00398162	8.09805
1	2890	-1.23766	4.78879	2.96261	0.00183871
2	2890	-4.99026	0.452147	0.00538089	5.43694
3	2890	-2.02941	-4.60922	6.81846	0.00674166
0	2900	4.78179	-1.80573	0.00398162	8.09805
1	2900	-1.23766	4.78879	2.96261	0.00183871
2	2900	-4.99026	0.452147	0.00538089	5.43694
3	2900	-2.02941	-4.60922	6.81846	0.00674166
0	2910	4.78179	-1.80573	0.00398162	8.09805
1	2910	-1.23766	4.78879	2.96261	0.00183871
2	2910	-4.99026	0.452147	0.00538089	5.43694
3	2910	-2.02941	-4.60922	6.81846	0.00674166
0	2920	4.78179	-1.80573	0.00398162	8.09805
1	2920	-1.23766	4.78879	2.96261	0.00183871
2	2920	-4.99026	0.452147	0.00538089	5.43694
3	2920	-2.02941	-4.60922	6.81846	0.00674166
0	2930	4.78179	-1.80573	0.00398162	8.09805
1	2930	-1.23766	4.78879	2.96261	0.00183871
2	2930	-4.99026	0.452147	0.00538089	5.43694
3	2930	-2.02941	-4.60922	6.81846	0.00674166
0	2940	4.78179	-1.80573	0.00398162	8.09805
1	2940	-1.23766	4.78879	2.96261	0.00183871
2	2940	-4.99026	0.452147	0.00538089	5.43694
3	2940	-2.02941	-4.60922	6.81846	0.00674166
0	2950	4.78179	-1.80573	0.00398162	8.09805
1	2950	-1.23766	4.78879	2.96261	0.00183871
2	2950	-4.99026	0.452147	0.00538089	5.43694
3	2950	-2.02941	-4.60922	6.81846	0.00674166
0	2960	4.78179	-1.80573	0.00398162	8.09805
1	2960	-1.23766	4.78879	2.96261	0.00183871
2	2960	-4.99026	0.452147	0.00538089	5.43694
3	2960	-2.02941	-4.60922	6.81846	0.00674166
0	2970	4.78179	-1.80573	0.00398162	8.09805
1	2970	-1.23766	4.78879	2.96261	0.00183871
2	2970	-4.99026	0.452147	0.00538089	5.43694
3	2970	-2.02941	-4.60922	6.81846	0.00674166
0	2980	4.78179	-1.80573	0.00398162	8.09805
1	2980	-1.23766	4.78879	2.96261	0.00183871
2	2980	-4.99026	0.452147	0.00538089	5.43694
3	2980	-2.02941	-4.60922	6.81846	0.00674166
0	2990	4.78179	-1.80573	0.00398162	8.09805
1	2990	-1.23766	4.78879	2.96261	0.00183871
2	2990	-4.99026	0.452147	0.00538089	5.43694
3	2990	-2.02941	-4.60922	6.81846	0.00674166
0	3000	4.78179	-1.80573	0.00398162	8.09805
1	3000	-1.23766	4.78879	2.96261	0.00183871
2	3000	-4.99026	0.452147	0.00538089	5.43694
3	3000	-2.02941	-4.60922	6.81846	0.00674166
0	3010	4.78179	-1.80573	0.00398162	8.09805
1	3010	-1.23766	4.78879	2.96261	0.00183871
2	3010	-4.99026	0.452147	0.00538089	5.43694
3	3010	-2.02941	-4.60922	6.81846	0.00674166
0	3020	4.78179	-1.80573	0.00398162	8.09805
1	3020	-1.23766	4.78879	2.96261	0.00183871
2	3020	-4.99026	0.452147	0.00538089	5.43694
3	3020	-2.02941	-4.60922	6.81846	0.00674166
0	3030	4.78179	-1.80573	0.00398162	8.09805
1	3030	-1.23766	4.78879	2.96261	0.00183871
2	3030	-4.99026	0.452147	0.00538089	5.43694
3	3030	-2.02941	-4.60922	6.81846	0.00674166
0	3040	4.78179	-1.80573	0.00398162	8.09805
1	3040	-1.23766	4.78879	2.96261	0.00183871
2	3040	-4.99026	0.452147	0.00538089	5.43694
3	3040	-2.02941	-4.60922	6.81846	0.00674166
0	3050	4.78179	-1.80573	0.00398162	8.09805
1	3050	-1.23766	4.78879	2.96261	0.00183871
2	3050	-4.99026	0.452147	0.00538089	5.43694
3	3050	-2.02941	-4.60922	6.81846	0.00674166
0	3060	4.78179	-1.80573	0.00398162	8.09805
1	3060	-1.23766	4.78879	2.96261	0.00183871
2	3060	-4.99026	0.452147	0.00538089	5.43694
3	3060	-2.02941	-4.60922	6.81846	0.00674166
0	3070	4.78179	-1.80573	0.00398162	8.09805
1	3070	-1.23766	4.78879	2.96261	0.00183871
2	3070	-4.99026	0.452147	0.00538089	5.43694
3	3070	-2.02941	-4.60922	6.81846	0.00674166
0	3080	4.78179	-1.80573	0.00398162	8.09805
1	3080	-1.23766	4.78879	2.96261	0.00183871
2	3080	-4.99026	0.452147	0.00538089	5.43694
3	3080	-2.02941	-4.60922	6.81846	0.00674166
0	3090	4.78179	-1.80573	0.00398162	8.09805
1	3090	-1.23766	4.78879	2.96261	0.00183871
2	3090	-4.99026	0.452147	0.00538089	5.43694
3	3090	-2.02941	-4.60922	6.81846	0.00674166
0	3100	4.78179	-1.80573	0.00398162	8.09805
1	3100	-1.23766	4.78879	2.96261	0.00183871
2	3100	-4.99026	0.452147	0.00538089	5.43694
3	3100	-2.02941	-4.60922	6.81846	0.00674166
0	3110	4.78179	-1.80573	0.00398162	8.09805
1	3110	-1.23766	4.78879	2.96261	0.00183871
2	3110	-4.99026	0.452147	0.00538089	5.43694
3	3110	-2.02941	-4.60922	6.81846	0.00674166
0	3120	4.78179	-1.80573	0.00398162	8.09805
1	3120	-1.23766	4.78879	2.96261	0.00183871
2	3120	-4.99026	0.452147	0.00538089	5.43694
3	3120	-2.02941	-4.60922	6.81846	0.00674166
0	3130	4.78179	-1.80573	0.00398162	8.09805
1	3130	-1.23766	4.78879	2.96261	0.00183871
2	3130	-4.99026	0.452147	0.00538089	5.43694
3	3130	-2.02941	-4.60922	6.81846	0.00674166
0	3140	4.78179	-1.80573	0.00398162	8.09805
1	3140	-1.23766	4.78879	2.96261	0.00183871
2	3140	-4.99026	0.452147	0.00538089	5.43694
3	3140	-2.02941	-4.60922	6.81846	0.00674166
0	3150	4.78179	-1.80573	0.00398162	8.09805
1	3150	-1.23766	4.78879	2.96261	0.00183871
2	3150	-4.99026	0.452147	0.00538089	5.43694
3	3150	-2.02941	-4.60922	6.81846	0.00674166
0	3160	4.78179	-1.80573	0.00398162	8.09805
1	3160	-1.23766	4.78879	2.96261	0.00183871
2	3160	-4.99026	0.452147	0.00538089	5.43694
3	3160	-2.02941	-4.60922	6.81846	0.00674166
0	3170	4.78179	-1.80573	0.00398162	8.09805
1	3170	-1.23766	4.78879	2.96261	0.00183871
2	3170	-4.99026	0.452147	0.00538089	5.43694
3	3170	-2.02941	-4.60922	6.81846	0.00674166
0	3180	4.78179	-1.80573	0.00398162	8.09805
1	3180	-1.23766	4.78879	2.96261	0.00183871
2	3180	-4.99026	0.452147	0.00538089	5.43694
3	3180	-2.02941	-4.60922	6.81846	0.00674166
0	3190	4.78179	-1.80573	0.00398162	8.09805
1	3190	-1.23766	4.78879	2.96261	0.00183871
2	3190	-4.99026	0.452147	0.00538089	5.43694
3	3190	-2.02941	-4.60922	6.81846	0.00674166
0	3200	4.78179	-1.80573	0.00398162	8.09805
1	3200	-1.23766	4.78879	2.96261	0.00183871
2	3200	-4.99026	0.452147	0.00538089	5.43694
3	3200	-2.02941	-4.60922	6.81846	0.00674166
0	3210	4.78179	-1.80573	0.00398162	8.09805
1	3210	-1.23766	4.78879	2.96261	0.00183871
2	3210	-4.99026	0.452147	0.00538089	5.43694
3	3210	-2.02941	-4.60922	6.81846	0.00674166
0	3220	4.78179	-1.80573	0.00398162	8.09805
1	3220	-1.23766	4.78879	2.96261	0.00183871
2	3220	-4.99026	0.452147	0.00538089	5.43694
3	3220	-2.02941	-4.60922	6.81846	0.00674166
0	3230	4.78179	-1.80573	0.00398162	8.09805
1	3230	-1.23766	4.78879	2.96261	0.00183871
2	3230	-4.99026	0.452147	0.00538089	5.43694
3	3230	-2.02941	-4.60922	6.81846	0.00674166
0	3240	4.78179	-1.80573	0.00398162	8.09805
1	3240	-1.23766	4.78879	2.96261	0.00183871
2	3240	-4.99026	0.452147	0.00538089	5.43694
3	3240	-2.02941	-4.60922	6.81846	0.00674166
0	3250	4.78179	-1.80573	0.00398162	8.09805
1	3250	-1.23766	4.78879	2.96261	0.00183871
2	3250	-4.99026	0.452147	0.00538089	5.43694
3	3250	-2.02941	-4.60922	6.81846	0.00674166
0	3260	4.78179	-1.80573	0.00398162	8.09805
1	3260	-1.23766	4.78879	2.96261	0.00183871
2	3260	-4.99026	0.452147	0.00538089	5.43694
3	3260	-2.02941	-4.60922	6.81846	0.00674166
0	3270	4.78179	-1.80573	0.00398162	8.09805
1	3270	-1.23766	4.78879	2.96261	0.00183871
2	3270	-4.99026	0.452147	0.00538089	5.43694
3	3270	-2.02941	-4.60922	6.81846	0.00674166
0	3280	4.78179	-1.80573	0.00398162	8.09805
1	3280	-1.23766	4.78879	2.96261	0.00183871
2	3280	-4.99026	0.452147	0.00538089	5.43694
3	3280	-2.02941	-4.60922	6.81846	0.00674166
0	3290	4.78179	-1.80573	0.00398162	8.09805
1	3290	-1.23766	4.78879	2.96261	0.00183871
2	3290	-4.99026	0.452147	0.00538089	5.43694
3	3290	-2.02941	-4.60922	6.81846	0.00674166
0	3300	4.78179	-1.80573	0.00398162	8.09805
1	3300	-1.23766	4.78879	2.96261	0.00183871
2	3300	-4.99026	0.452147	0.00538089	5.43694
3	3300	-2.02941	-4.60922	6.81846	0.00674166
0	3310	4.78179	-1.80573	0.00398162	8.09805
1	3310	-1.23766	4.78879	2.96261	0.00183871
2	3310	-4.99026	0.452147	0.00538089	5.43694
3	3310	-2.02941	-4.60922	6.81846	0.00674166
0	3320	4.78179	-1.80573	0.00398162	8.09805
1	3320	-1.23766	4.78879	2.96261	0.00183871
2	3320	-4.99026	0.452147	0.00538089	5.43694
3	3320	-2.02941	-4.60922	6.81846	0.00674166
0	3330	4.78179	-1.80573	0.00398162	8.09805
1	3330	-1.23766	4.78879	2.96261	0.00183871
2	3330	-4.99026	0.452147	0.00538089	5.43694
3	3330	-2.02941	-4.60922	6.81846	0.00674166
0	3340	4.78179	-1.80573	0.00398162	8.09805
1	3340	-1.23766	4.78879	2.96261	0.00183871
2	3340	-4.99026	0.452147	0.00538089	5.43694
3	3340	-2.02941	-4.60922	6.81846	0.00674166
0	3350	4.78179	-1.80573	0.00398162	8.09805
1	3350	-1.23766	4.78879	2.96261	0.00183871
2	3350	-4.99026	0.452147	0.00538089	5.43694
3	3350	-2.02941	-4.60922	6.81846	0.00674166
0	3360	4.78179	-1.80573	0.00398162	8.09805
1	3360	-1.23766	4.78879	2.96261	0.00183871
2	3360	-4.99026	0.452147	0.00538089	5.43694
3	3360	-2.02941	-4.60922	6.81846	0.00674166
0	3370	4.78179	-1.80573	0.00398162	8.09805
1	3370	-1.23766	4.78879	2.96261	0.00183871
2	3370	-4.99026	0.452147	0.00538089	5.43694
3	3370	-2.02941	-4.60922	6.81846	0.00674166
0	3380	4.78179	-1.80573	0.00398162	8.09805
1	3380	-1.23766	4.78879	2.96261	0.00183871
2	3380	-4.99026	0.452147	0.00538089	5.43694
3	3380	-2.02941	-4.60922	6.81846	0.00674166
0	3390	4.78179	-1.80573	0.00398162	8.09805
1	3390	-1.23766	4.78879	2.96261	0.00183871
2	3390	-4.99026	0.452147	0.00538089	5.43694
3	3390	-2.02941	-4.60922	6.81846	0.00674166
0	3400	4.78179	-1.80573	0.00398162	8.09805
1	3400	-1.23766	4.78879	2.96261	0.00183871
2	3400	-4.99026	0.452147	0.00538089	5.43694
3	3400	-2.02941	-4.60922	6.81846	0.00674166
0	3410	4.78179	-1.80573	0.00398162	8.09805
1	3410	-1.23766	4.78879	2.96261	0.00183871
2	3410	-4.99026	0.452147	0.00538089	5.43694
3	3410	-2.02941	-4.60922	6.81846	0.00674166
0	3420	4.78179	-1.80573	0.00398162	8.09805
1	3420	-1.23766	4.78879	2.96261	0.00183871
2	3420	-4.99026	0.452147	0.00538089	5.43694
3	3420	-2.02941	-4.60922	6.81846	0.00674166
0	3430	4.78179	-1.80573	0.00398162	8.09805
1	3430	-1.23766	4.78879	2.96261	0.00183871
2	3430	-4.99026	0.452147	0.00538089	5.43694
3	3430	-2.02941	-4.60922	6.81846	0.00674166
0	3440	4.78179	-1.80573	0.00398162	8.09805
1	3440	-1.23766	4.78879	2.96261	0.00183871
2	3440	-4.99026	0.452147	0.00538089	5.43694
3	3440	-2.02941	-4.60922	6.81846	0.00674166
0	3450	4.78179	-1.80573	0.00398162	8.09805
1	3450	-1.23766	4.78879	2.96261	0.00183871
2	3450	-4.99026	0.452147	0.00538089	5.43694
3	3450	-2.02941	-4.60922	6.81846	0.00674166
0	3460	4.78179	-1.80573	0.00398162	8.09805
1	3460	-1.23766	4.78879	2.96261	0.00183871
2	3460	-4.99026	0.452147	0.00538089	5.43694
3	3460	-2.02941	-4.60922	6.81846	0.00674166
0	3470	4.78179	-1.80573	0.00398162	8.09805
1	3470	-1.23766	4.78879	2.96261	0.00183871
2	3470	-4.99026	0.452147	0.00538089	5.43694
3	3470	-2.02941	-4.60922	6.81846	0.00674166
0	3480	4.78179	-1.80573	0.00398162	8.09805
1	3480	-1.23766	4.78879	2.96261	0.00183871
2	3480	-4.99026	0.452147	0.00538089	5.43694
3	3480	-2.02941	-4.60922	6.81846	0.00674166
0	3490	4.78179	-1.80573	0.00398162	8.09805
1	3490	-1.23766	4.78879	2.96261	0.00183871
2	3490	-4.99026	0.452147	0.00538089	5.43694
3	3490	-2.02941	-4.60922	6.81846	0.00674166
0	3500	4.78179	-1.80573	0.00398162	8.09805
1	3500	-1.23766	4.78879	2.96261	0.00183871
2	3500	-4.99026	0.452147	0.00538089	5.43694
3	3500	-2.02941	-4.60922	6.81846	0.00674166
0	3510	4.78179	-1.80573	0.00398162	8.09805
1	3510	-1.23766	4.78879	2.96261	0.00183871
2	3510	-4.99026	0.452147	0.00538089	5.43694
3	3510	-2.02941	-4.60922	6.81846	0.00674166
0	3520	4.78179	-1.80573	0.00398162	8.09805
1	3520	-1.23766	4.78879	2.96261	0.00183871
2	3520	-4.99026	0.452147	0.00538089	5.43694
3	3520	-2.02941	-4.60922	6.81846	0.00674166
0	3530	4.78179	-1.80573	0.00398162	8.09805
1	3530	-1.23766	4.78879	2.96261	0.00183871
2	3530	-4.99026	0.452147	0.00538089	5.43694
3	3530	-2.02941	-4.60922	6.81846	0.00674166
0	3540	4.78179	-1.80573	0.00398162	8.09805
1	3540	-1.23766	4.78879	2.96261	0.00183871
2	3540	-4.99026	0.452147	0.00538089	5.43694
3	3540	-2.02941	-4.60922	6.81846	0.00674166
0	3550	4.78179	-1.80573	0.00398162	8.09805
1	3550	-1.23766	4.78879	2.96261	0.00183871
2	3550	-4.99026	0.452147	0.00538089	5.43694
3	3550	-2.02941	-4.60922	6.81846	0.00674166
0	3560	4.78179	-1.80573	0.00398162	8.09805
1	3560	-1.23766	4.78879	2.96261	0.00183871
2	3560	-4.99026	0.452147	0.00538089	5.43694
3	3560	-2.02941	-4.60922	6.81846	0.00674166
0	3570	4.78179	-1.80573	0.00398162	8.09805
1	3570	-1.23766	4.78879	2.96261	0.00183871
2	3570	-4.99026	0.452147	0.00538089	5.43694
3	3570	-2.02941	-4.60922	6.81846	0.00674166
0	3580	4.78179	-1.80573	0.00398162	8.09805
1	3580	-1.23766	4.78879	2.96261	0.00183871
2	3580	-4.99026	0.452147	0.00538089	5.43694
3	3580	-2.02941	-4.60922	6.81846	0.00674166
0	3590	4.78179	-1.80573	0.00398162	8.09805
1	3590	-1.23766	4.78879	2.96261	0.00183871
2	3590	-4.99026	0.452147	0.00538089	5.43694
3	3590	-2.02941	-4.60922	6.81846	0.00674166
0	3600	4.78179	-1.80573	0.00398162	8.09805
1	3600	-1.23766	4.78879	2.96261	0.00183871
2	3600	-4.99026	0.452147	0.00538089	5.43694
3	3600	-2.02941	-4.60922	6.81846	0.00674166
0	3610	4.78179	-1.80573	0.00398162	8.09805
1	3610	-1.23766	4.78879	2.96261	0.00183871
2	3610	-4.99026	0.452147	0.00538089	5.43694
3	3610	-2.02941	-4.60922	6.81846	0.00674166
0	3620	4.78179	-1.80573	0.00398162	8.09805
1	3620	-1.23766	4.78879	2.96261	0.00183871
2	3620	-4.99026	0.452147	0.00538089	5.43694
3	3620	-2.02941	-4.60922	6.81846	0.00674166
0	3630	4.78179	-1.80573	0.00398162	8.09805
1	3630	-1.23766	4.78879	2.96261	0.00183871
2	3630	-4.99026	0.452147	0.00538089	5.43694
3	3630	-2.02941	-4.60922	6.81846	0.00674166
0	3640	4.78179	-1.80573	0.00398162	8.09805
1	3640	-1.23766	4.78879	2.96261	0.00183871
2	3640	-4.99026	0.452147	0.00538089	5.43694
3	3640	-2.02941	-4.60922	6.81846	0.00674166
0	3650	4.78179	-1.80573	0.00398162	8.09805
1	3650	-1.23766	4.78879	2.96261	0.00183871
2	3650	-4.99026	0.452147	0.00538089	5.43694
3	3650	-2.02941	-4.60922	6.81846	0.00674166
0	3660	4.78179	-1.80573	0.00398162	8.09805
1	3660	-1.23766	4.78879	2.96261	0.00183871
2	3660	-4.99026	0.452147	0.00538089	5.43694
3	3660	-2.02941	-4.60922	6.81846	0.00674166
0	3670	4.78179	-1.80573	0.00398162	8.09805
1	3670	-1.23766	4.78879	2.96261	0.00183871
2	3670	-4.99026	0.452147	0.00538089	5.43694
3	3670	-2.02941	-4.60922	6.81846	0.00674166
0	3680	4.78179	-1.80573	0.00398162	8.09805
1	3680	-1.23766	4.78879	2.96261	0.00183871
2	3680	-4.99026	0.452147	0.00538089	5.43694
3	3680	-2.02941	-4.60922	6.81846	0.00674166
0	3690	4.78179	-1.80573	0.00398162	8.09805
1	3690	-1.23766	4.78879	2.96261	0.00183871
2	3690	-4.99026	0.452147	0.00538089	5.43694
3	3690	-2.02941	-4.60922	6.81846	0.00674166
0	3700	4.78179	-1.80573	0.00398162	8.09805
1	3700	-1.23766	4.78879	2.96261	0.00183871
2	3700	-4.99026	0.452147	0.00538089	5.43694
3	3700	-2.02941	-4.60922	6.81846	0.00674166
0	3710	4.78179	-1.80573	0.00398162	8.09805
1	3710	-1.23766	4.78879	2.96261	0.00183871
2	3710	-4.99026	0.452147	0.00538089	5.43694
3	3710	-2.02941	-4.60922	6.81846	0.00674166
0	3720	4.78179	-1.80573	0.00398162	8.09805
1	3720	-1.23766	4.78879	2.96261	0.00183871
2	3720	-4.99026	0.452147	0.00538089	5.43694
3	3720	-2.02941	-4.60922	6.81846	0.00674166
0	3730	4.78179	-1.80573	0.00398162	8.09805
1	3730	-1.23766	4.78879	2.96261	0.00183871
2	3730	-4.99026	0.452147	0.00538089	5.43694
3	3730	-2.02941	-4.60922	6.81846	0.00674166
0	3740	4.78179	-1.80573	0.00398162	8.09805
1	3740	-1.23766	4.78879	2.96261	0.00183871
2	3740	-4.99026	0.452147	0.00538089	5.43694
3	3740	-2.02941	-4.60922	6.81846	0.00674166
0	3750	4.78179	-1.80573	0.00398162	8.09805
1	3750	-1.23766	4.78879	2.96261	0.00183871
2	3750	-4.99026	0.452147	0.00538089	5.43694
3	3750	-2.02941	-4.60922	6.81846	0.00674166
0	3760	4.78179	-1.80573	0.00398162	8.09805
1	3760	-1.23766	4.78879	2.96261	0.00183871
2	3760	-4.99026	0.452147	0.00538089	5.43694
3	3760	-2.02941	-4.60922	6.81846	0.00674166
0	3770	4.78179	-1.80573	0.00398162	8.09805
1	3770	-1.23766	4.78879	2.96261	0.00183871
2	3770	-4.99026	0.452147	0.00538089	5.43694
3	3770	-2.02941	-4.60922	6.81846	0.00674166
0	3780	4.78179	-1.80573	0.00398162	8.09805
1	3780	-1.23766	4.78879	2.96261	0.00183871
2	3780	-4.99026	0.452147	0.00538089	5.43694
3	3780	-2.02941	-4.60922	6.81846	0.00674166
0	3790	4.78179	-1.80573	0.00398162	8.09805
1	3790	-1.23766	4.78879	2.96261	0.00183871
2	3790	-4.99026	0.452147	0.00538089	5.43694
3	3790	-2.02941	-4.60922	6.81846	0.00674166
0	3800	4.78179	-1.80573	0.00398162	8.09805
1	3800	-1.23766	4.78879	2.96261	0.00183871
2	3800	-4.99026	0.452147	0.00538089	5.43694
3	3800	-2.02941	-4.60922	6.81846	0.00674166
0	3810	4.78179	-1.80573	0.00398162	8.09805
1	3810	-1.23766	4.78879	2.96261	0.00183871
2	3810	-4.99026	0.452147	0.00538089	5.43694
3	3810	-2.02941	-4.60922	6.81846	0.00674166
0	3820	4.78179	-1.80573	0.00398162	8.09805
1	3820	-1.23766	4.78879	2.96261	0.00183871
2	3820	-4.99026	0.452147	0.00538089	5.43694
3	3820	-2.02941	-4.60922	6.81846	0.00674166
0	3830	4.78179	-1.80573	0.00398162	8.09805
1	3830	-1.23766	4.78879	2.96261	0.00183871
2	3830	-4.99026	0.452147	0.00538089	5.43694
3	3830	-2.02941	-4.60922	6.81846	0.00674166
0	3840	4.78179	-1.80573	0.00398162	8.09805
1	3840	-1.23766	4.78879	2.96261	0.00183871
2	3840	-4.99026	0.452147	0.00538089	5.43694
3	3840	-2.02941	-4.60922	6.81846	0.00674166
0	3850	4.78179	-1.80573	0.00398162	8.09805
1	3850	-1.23766	4.78879	2.96261	0.00183871
2	3850	-4.99026	0.452147	0.00538089	5.43694
3	3850	-2.02941	-4.60922	6.81846	0.00674166
0	3860	4.78179	-1.80573	0.00398162	8.09805
1	3860	-1.23766	4.78879	2.96261	0.00183871
2	3860	-4.99026	0.452147	0.00538089	5.43694
3	3860	-2.02941	-4.60922	6.81846	0.00674166
0	3870	4.78179	-1.80573	0.00398162	8.09805
1	3870	-1.23766	4.78879	2.96261	0.00183871
2	3870	-4.99026	0.452147	0.00538089	5.43694
3	3870	-2.02941	-4.60922	6.81846	0.00674166
0	3880	4.78179	-1.80573	0.00398162	8.09805
1	3880	-1.23766	4.78879	2.96261	0.00183871
2	3880	-4.99026	0.452147	0.00538089	5.43694
3	3880	-2.02941	-4.60922	6.81846	0.00674166
0	3890	4.78179	-1.80573	0.00398162	8.09805
1	3890	-1.23766	4.78879	2.96261	0.00183871
2	3890	-4.99026	0.452147	0.00538089	5.43694
3	3890	-2.02941	-4.60922	6.81846	0.00674166
0	3900	4.78179	-1.80573	0.00398162	8.09805
1	3900	-1.23766	4.78879	2.96261	0.00183871
2	3900	-4.99026	0.452147	0.00538089	5.43694
3	3900	-2.02941	-4.60922	6.81846	0.00674166
0	3910	4.78179	-1.80573	0.00398162	8.09805
1	3910	-1.23766	4.78879	2.96261	0.00183871
2	3910	-4.99026	0.452147	0.00538089	5.43694
3	3910	-2.02941	-4.60922	6.81846	0.00674166
0	3920	4.78179	-1.80573	0.00398162	8.09805
1	3920	-1.23766	4.78879	2.96261	0.00183871
2	3920	-4.99026	0.452147	0.00538089	5.43694
3	3920	-2.02941	-4.60922	6.81846	0.00674166
0	3930	4.78179	-1.80573	0.00398162	8.09805
1	3930	-1.23766	4.78879	2.96261	0.00183871
2	3930	-4.99026	0.452147	0.00538089	5.43694
3	3930	-2.02941	-4.60922	6.81846	0.00674166
0	3940	4.78179	-1.80573	0.00398162	8.09805
1	3940	-1.23766	4.78879	2.96261	0.00183871
2	3940	-4.99026	0.452147	0.00538089	5.43694
3	3940	-2.02941	-4.60922	6.81846	0.00674166
0	3950	4.78179	-1.80573	0.00398162	8.09805
1	3950	-1.23766	4.78879	2.96261	0.00183871
2	3950	-4.99026	0.452147	0.00538089	5.43694
3	3950	-2.02941	-4.60922	6.81846	0.00674166
0	3960	4.78179	-1.80573	0.00398162	8.09805
1	3960	-1.23766	4.78879	2.96261	0.00183871
2	3960	-4.99026	0.452147	0.00538089	5.43694
3	3960	-2.02941	-4.60922	6.81846	0.00674166
0	3970	4.78179	-1.80573	0.00398162	8.09805
1	3970	-1.23766	4.78879	2.96261	0.00183871
2	3970	-4.99026	0.452147	0.00538089	5.43694
3	3970	-2.02941	-4.60922	6.81846	0.00674166
0	3980	4.78179	-1.80573	0.00398162	8.09805
1	3980	-1.23766	4.78879	2.96261	0.00183871
2	3980	-4.99026	0.452147	0.00538089	5.43694
3	3980	-2.02941	-4.60922	6.81846	0.00674166
0	3990	4.78179	-1.80573	0.00398162	8.09805
1	3990	-1.23766	4.78879	2.96261	0.00183871
2	3990	-4.99026	0.452147	0.00538089	5.43694
3	3990	-2.02941	-4.60922	6.81846	0.00674166
0	4000	4.78179	-1.80573	0.00398162	8.09805
1	4000	-1.23766	4.78879	2.96261	0.00183871
2	4000	-4.99026	0.452147	0.00538089	5.43694
3	4000	-2.02941	-4.60922	6.81846	0.00674166
0	4010	4.78179	-1.80573	0.00398162	8.09805
1	4010	-1.23766	4.78879	2.96261	0.00183871
2	4010	-4.99026	0.452147	0.00538089	5.43694
3	4010	-2.02941	-4.60922	6.81846	0.00674166
0	4020	4.78179	-1.80573	0.00398162	8.09805
1	4020	-1.23766	4.78879	2.96261	0.00183871
2	4020	-4.99026	0.452147	0.00538089	5.43694
3	4020	-2.02941	-4.60922	6.81846	0.00674166
0	4030	4.78179	-1.80573	0.00398162	8.09805
1	4030	-1.23766	4.78879	2.96261	0.00183871
2	4030	-4.99026	0.452147	0.00538089	5.43694
3	4030	-2.02941	-4.60922	6.81846	0.00674166
0	4040	4.78179	-1.80573	0.00398162	8.09805
1	4040	-1.23766	4.78879	2.96261	0.00183871
2	4040	-4.99026	0.452147	0.00538089	5.43694
3	4040	-2.02941	-4.60922	6.81846	0.00674166
0	4050	4.78179	-1.80573	0.00398162	8.09805
1	4050	-1.23766	4.78879	2.96261	0.00183871
2	4050	-4.99026	0.452147	0.00538089	5.43694
3	4050	-2.02941	-4.60922	6.81846	0.00674166
0	4060	4.78179	-1.80573	0.00398162	8.09805
1	4060	-1.23766	4.78879	2.96261	0.00183871
2	4060	-4.99026	0.452147	0.00538089	5.43694
3	4060	-2.02941	-4.60922	6.81846	0.00674166
0	4070	4.78179	-1.80573	0.00398162	8.09805
1	4070	-1.23766	4.78879	2.96261	0.00183871
2	4070	-4.99026	0.452147	0.00538089	5.43694
3	4070	-2.02941	-4.60922	6.81846	0.00674166
0	4080	4.78179	-1.80573	0.00398162	8.09805
1	4080	-1.23766	4.78879	2.96261	0.00183871
2	4080	-4.99026	0.452147	0.00538089	5.43694
3	4080	-2.02941	-4.60922	6.81846	0.00674166
0	4090	4.78179	-1.80573	0.00398162	8.09805
1	4090	-1.23766	4.78879	2.96261	0.00183871
2	4090	-4.99026	0.452147	0.00538089	5.43694
3	4090	-2.02941	-4.60922	6.81846	0.00674166
0	4100	4.78179	-1.80573	0.00398162	8.09805
1	4100	-1.23766	4.78879	2.96261	0.00183871
2	4100	-4.99026	0.452147	0.00538089	5.43694
3	4100	-2.02941	-4.60922	6.81846	0.00674166
0	4110	4.78179	-1.80573	0.00398162	8.09805
1	4110	-1.23766	4.78879	2.96261	0.00183871
2	4110	-4.99026	0.452147	0.00538089	5.43694
3	4110	-2.02941	-4.60922	6.81846	0.00674166
0	4120	4.78179	-1.80573	0.00398162	8.09805
1	4120	-1.23766	4.78879	2.96261	0.00183871
2	4120	-4.99026	0.452147	0.00538089	5.43694
3	4120	-2.02941	-4.60922	6.81846	0.00674166
0	4130	4.78179	-1.80573	0.00398162	8.09805
1	4130	-1.23766	4.78879	2.96261	0.00183871
2	4130	-4.99026	0.452147	0.00538089	5.43694
3	4130	-2.02941	-4.60922	6.81846	0.00674166
0	4140	4.78179	-1.80573	0.00398162	8.09805
1	4140	-1.23766	4.78879	2.96261	0.00183871
2	4140	-4.99026	0.452147	0.00538089	5.43694
3	4140	-2.02941	-4.60922	6.81846	0.00674166
0	4150	4.78179	-1.80573	0.00398162	8.09805
1	4150	-1.23766	4.78879	2.96261	0.00183871
2	4150	-4.99026	0.452147	0.00538089	5.43694
3	4150	-2.02941	-4.60922	6.81846	0.00674166
0	4160	4.78179	-1.80573	0.00398162	8.09805
1	4160	-1.23766	4.78879	2.96261	0.00183871
2	4160	-4.99026	0.452147	0.00538089	5.43694
3	4160	-2.02941	-4.60922	6.81846	0.00674166
0	4170	4.78179	-1.80573	0.00398162	8.09805
1	4170	-1.23766	4.78879	2.96261	0.00183871
2	4170	-4.99026	0.452147	0.00538089	5.43694
3	4170	-2.02941	-4.60922	6.81846	0.00674166
0	4180	4.78179	-1.80573	0.00398162	8.09805
1	4180	-1.23766	4.78879	2.96261	0.00183871
2	4180	-4.99026	0.452147	0.00538089	5.43694
3	4180	-2.02941	-4.60922	6.81846	0.00674166
0	4190	4.78179	-1.80573	0.00398162	8.09805
1	4190	-1.23766	4.78879	2.96261	0.00183871
2	4190	-4.99026	0.452147	0.00538089	5.43694
3	4190	-2.02941	-4.60922	6.81846	0.00674166
0	4200	4.78179	-1.80573	0.00398162	8.09805
1	4200	-1.23766	4.78879	2.96261	0.00183871
2	4200	-4.99026	0.452147	0.00538089	5.43694
3	4200	-2.02941	-4.60922	6.81846	0.00674166
0	4210	4.78179	-1.80573	0.00398162	8.09805
1	4210	-1.23766	4.78879	2.96261	0.00183871
2	4210	-4.99026	0.452147	0.00538089	5.43694
3	4210	-2.02941	-4.60922	6.81846	0.00674166
0	4220	4.78179	-1.80573	0.00398162	8.09805
1	4220	-1.23766	4.78879	2.96261	0.00183871
2	4220	-4.99026	0.452147	0.00538089	5.43694
3	4220	-2.02941	-4.60922	6.81846	0.00674166
0	4230	4.78179	-1.80573	0.00398162	8.09805
1	4230	-1.23766	4.78879	2.96261	0.00183871
2	4230	-4.99026	0.452147	0.00538089	5.43694
3	4230	-2.02941	-4.60922	6.81846	0.00674166
0	4240	4.78179	-1.80573	0.00398162	8.09805
1	4240	-1.23766	4.78879	2.96261	0.00183871
2	4240	-4.99026	0.452147	0.00538089	5.43694
3	4240	-2.02941	-4.60922	6.81846	0.00674166
0	4250	4.78179	-1.80573	0.00398162	8.09805
1	4250	-1.23766	4.78879	2.96261	0.00183871
2	4250	-4.99026	0.452147	0.00538089	5.43694
3	4250	-2.02941	-4.60922	6.81846	0.00674166
0	4260	4.78179	-1.80573	0.00398162	8.09805
1	4260	-1.23766	4.78879	2.96261	0.00183871
2	4260	-4.99026	0.452147	0.00538089	5.43694
3	4260	-2.02941	-4.60922	6.81846	0.00674166
0	4270	4.78179	-1.80573	0.00398162	8.09805
1	4270	-1.23766	4.78879	2.96261	0.00183871
2	4270	-4.99026	0.452147	0.00538089	5.43694
3	4270	-2.02941	-4.60922	6.81846	0.00674166
0	4280	4.78179	-1.80573	0.00398162	8.09805
1	4280	-1.23766	4.78879	2.96261	0.00183871
2	4280	-4.99026	0.452147	0.00538089	5.43694
3	4280	-2.02941	-4.60922	6.81846	0.00674166
0	4290	4.78179	-1.80573	0.00398162	8.09805
1	4290	-1.23766	4.78879	2.96261	0.00183871
2	4290	-4.99026	0.452147	0.00538089	5.43694
3	4290	-2.02941	-4.60922	6.81846	0.00674166
0	4300	4.78179	-1.80573	0.00398162	8.09805
1	4300	-1.23766	4.78879	2.96261	0.00183871
2	4300	-4.99026	0.452147	0.00538089	5.43694
3	4300	-2.02941	-4.60922	6.81846	0.00674166
0	4310	4.78179	-1.80573	0.00398162	8.09805
1	4310	-1.23766	4.78879	2.96261	0.00183871
2	4310	-4.99026	0.452147	0.00538089	5.43694
3	4310	-2.02941	-4.60922	6.81846	0.00674166
0	4320	4.78179	-1.80573	0.00398162	8.09805
1	4320	-1.23766	4.78879	2.96261	0.00183871
2	4320	-4.99026	0.452147	0.00538089	5.43694
3	4320	-2.02941	-4.60922	6.81846	0.00674166
0	4330	4.78179	-1.80573	0.00398162	8.09805
1	4330	-1.23766	4.78879	2.96261	0.00183871
2	4330	-4.99026	0.452147	0.00538089	5.43694
3	4330	-2.02941	-4.60922	6.81846	0.00674166
0	4340	4.78179	-1.80573	0.00398162	8.09805
1	4340	-1.23766	4.78879	2.96261	0.00183871
2	4340	-4.99026	0.452147	0.00538089	5.43694
3	4340	-2.02941	-4.60922	6.81846	0.00674166
0	4350	4.78179	-1.80573	0.00398162	8.09805
1	4350	-1.23766	4.78879	2.96261	0.00183871
2	4350	-4.99026	0.452147	0.00538089	5.43694
3	4350	-2.02941	-4.60922	6.81846	0.00674166
0	4360	4.78179	-1.80573	0.00398162	8.09805
1	4360	-1.23766	4.78879	2.96261	0.00183871
2	4360	-4.99026	0.452147	0.00538089	5.43694
3	4360	-2.02941	-4.60922	6.81846	0.00674166
0	4370	4.78179	-1.80573	0.00398162	8.09805
1	4370	-1.23766	4.78879	2.96261	0.00183871
2	4370	-4.99026	0.452147	0.00538089	5.43694
3	4370	-2.02941	-4.60922	6.81846	0.00674166
0	4380	4.78179	-1.80573	0.00398162	8.09805
1	4380	-1.23766	4.78879	2.96261	0.00183871
2	4380	-4.99026	0.452147	0.00538089	5.43694
3	4380	-2.02941	-4.60922	6.81846	0.00674166
0	4390	4.78179	-1.80573	0.00398162	8.09805
1	4390	-1.23766	4.78879	2.96261	0.00183871
2	4390	-4.99026	0.452147	0.00538089	5.43694
3	4390	-2.02941	-4.60922	6.81846	0.00674166
0	4400	4.78179	-1.80573	0.00398162	8.09805
1	4400	-1.23766	4.78879	2.96261	0.00183871
2	4400	-4.99026	0.452147	0.00538089	5.43694
3	4400	-2.02941	-4.60922	6.81846	0.00674166
0	4410	4.78179	-1.80573	0.00398162	8.09805
1	4410	-1.23766	4.78879	2.96261	0.00183871
2	4410	-4.99026	0.452147	0.00538089	5.43694
3	4410	-2.02941	-4.60922	6.81846	0.00674166
0	4420	4.78179	-1.80573	0.00398162	8.09805
1	4420	-1.23766	4.78879	2.96261	0.00183871
2	4420	-4.99026	0.452147	0.00538089	5.43694
3	4420	-2.02941	-4.60922	6.81846	0.00674166
0	4430	4.78179	-1.80573	0.00398162	8.09805
1	4430	-1.23766	4.78879	2.96261	0.00183871
2	4430	-4.99026	0.452147	0.00538089	5.43694
3	4430	-2.02941	-4.60922	6.81846	0.00674166
0	4440	4.78179	-1.80573	0.00398162	8.09805
1	4440	-1.23766	4.78879	2.96261	0.00183871
2	4440	-4.99026	0.452147	0.00538089	5.43694
3	4440	-2.02941	-4.60922	6.81846	0.00674166
0	4450	4.78179	-1.80573	0.00398162	8.09805
1	4450	-1.23766	4.78879	2.96261	0.00183871
2	4450	-4.99026	0.452147	0.00538089	5.43694
3	4450	-2.02941	-4.60922	6.81846	0.00674166
0	4460	4.78179	-1.80573	0.00398162	8.09805
1	4460	-1.23766	4.78879	2.96261	0.00183871
2	4460	-4.99026	0.452147	0.00538089	5.43694
3	4460	-2.02941	-4.60922	6.81846	0.00674166
0	4470	4.78179	-1.80573	0.00398162	8.09805
1	4470	-1.23766	4.78879	2.96261	0.00183871
2	4470	-4.99026	0.452147	0.00538089	5.43694
3	4470	-2.02941	-4.60922	6.81846	0.00674166
0	4480	4.78179	-1.80573	0.00398162	8.09805
1	4480	-1.23766	4.78879	2.96261	0.00183871
2	4480	-4.99026	0.452147	0.00538089	5.43694
3	4480	-2.02941	-4.60922	6.81846	0.00674166
0	4490	4.78179	-1.80573	0.00398162	8.09805
1	4490	-1.23766	4.78879	2.96261	0.00183871
2	4490	-4.99026	0.452147	0.00538089	5.43694
3	4490	-2.02941	-4.60922	6.81846	0.00674166
0	4500	4.78179	-1.80573	0.00398162	8.09805
1	4500	-1.23766	4.78879	2.96261	0.00183871
2	4500	-4.99026	0.452147	0.00538089	5.43694
3	4500	-2.02941	-4.60922	6.81846	0.00674166
0	4510	4.78179	-1.80573	0.00398162	8.09805
1	4510	-1.23766	4.78879	2.96261	0.00183871
2	4510	-4.99026	0.452147	0.00538089	5.43694
3	4510	-2.02941	-4.60922	6.81846	0.00674166
0	4520	4.78179	-1.80573	0.00398162	8.09805
1	4520	-1.23766	4.78879	2.96261	0.00183871
2	4520	-4.99026	0.452147	0.00538089	5.43694
3	4520	-2.02941	-4.60922	6.81846	0.00674166
0	4530	4.78179	-1.80573	0.00398162	8.09805
1	4530	-1.23766	4.78879	2.96261	0.00183871
2	4530	-4.99026	0.452147	0.00538089	5.43694
3	4530	-2.02941	-4.60922	6.81846	0.00674166
0	4540	4.78179	-1.80573	0.00398162	8.09805
1	4540	-1.23766	4.78879	2.96261	0.00183871
2	4540	-4.99026	0.452147	0.00538089	5.43694
3	4540	-2.02941	-4.60922	6.81846	0.00674166
0	4550	4.78179	-1.80573	0.00398162	8.09805
1	4550	-1.23766	4.78879	2.96261	0.00183871
2	4550	-4.99026	0.452147	0.00538089	5.43694
3	4550	-2.02941	-4.60922	6.81846	0.00674166
0	4560	4.78179	-1.80573	0.00398162	8.09805
1	4560	-1.23766	4.78879	2.96261	0.00183871
2	4560	-4.99026	0.452147	0.00538089	5.43694
3	4560	-2.02941	-4.60922	6.81846	0.00674166
0	4570	4.78179	-1.80573	0.00398162	8.09805
1	4570	-1.23766	4.78879	2.96261	0.00183871
2	4570	-4.99026	0.452147	0.00538089	5.43694
3	4570	-2.02941	-4.60922	6.81846	0.00674166
0	4580	4.78179	-1.80573	0.00398162	8.09805
1	4580	-1.23766	4.78879	2.96261	0.00183871
2	4580	-4.99026	0.452147	0.00538089	5.43694
3	4580	-2.02941	-4.60922	6.81846	0.00674166
0	4590	4.78179	-1.80573	0.00398162	8.09805
1	4590	-1.23766	4.78879	2.96261	0.00183871
2	4590	-4.99026	0.452147	0.00538089	5.43694
3	4590	-2.02941	-4.60922	6.81846	0.00674166
0	4600	4.78179	-1.80573	0.00398162	8.09805
1	4600	-1.23766	4.78879	2.96261	0.00183871
2	4600	-4.99026	0.452147	0.00538089	5.43694
3	4600	-2.02941	-4.60922	6.81846	0.00674166
0	4610	4.78179	-1.80573	0.00398162	8.09805
1	4610	-1.23766	4.78879	2.96261	0.00183871
2	4610	-4.99026	0.452147	0.00538089	5.43694
3	4610	-2.02941	-4.60922	6.81846	0.00674166
0	4620	4.78179	-1.80573	0.00398162	8.09805
1	4620	-1.23766	4.78879	2.96261	0.00183871
2	4620	-4.99026	0.452147	0.00538089	5.43694
3	4620	-2.02941	-4.60922	6.81846	0.00674166
0	4630	4.78179	-1.80573	0.00398162	8.09805
1	4630	-1.23766	4.78879	2.96261	0.00183871
2	4630	-4.99026	0.452147	0.00538089	5.43694
3	4630	-2.02941	-4.60922	6.81846	0.00674166
0	4640	4.78179	-1.80573	0.00398162	8.09805
1	4640	-1.23766	4.78879	2.96261	0.00183871
2	4640	-4.99026	0.452147	0.00538089	5.43694
3	4640	-2.02941	-4.60922	6.81846	0.00674166
0	4650	4.78179	-1.80573	0.00398162	8.09805
1	4650	-1.23766	4.78879	2.96261	0.00183871
2	4650	-4.99026	0.452147	0.00538089	5.43694
3	4650	-2.02941	-4.60922	6.81846	0.00674166
0	4660	4.78179	-1.80573	0.00398162	8.09805
1	4660	-1.23766	4.78879	2.96261	0.00183871
2	4660	-4.99026	0.452147	0.00538089	5.43694
3	4660	-2.02941	-4.60922	6.81846	0.00674166
0	4670	4.78179	-1.80573	0.00398162	8.09805
1	4670	-1.23766	4.78879	2.96261	0.00183871
2	4670	-4.99026	0.452147	0.00538089	5.43694
3	4670	-2.02941	-4.60922	6.81846	0.00674166
0	4680	4.78179	-1.80573	0.00398162	8.09805
1	4680	-1.23766	4.78879	2.96261	0.00183871
2	4680	-4.99026	0.452147	0.00538089	5.43694
3	4680	-2.02941	-4.60922	6.81846	0.00674166
0	4690	4.78179	-1.80573	0.00398162	8.09805
1	4690	-1.23766	4.78879	2.96261	0.00183871
2	4690	-4.99026	0.452147	0.00538089	5.43694
3	4690	-2.02941	-4.60922	6.81846	0.00674166
0	4700	4.78179	-1.80573	0.00398162	8.09805
1	4700	-1.23766	4.78879	2.96261	0.00183871
2	4700	-4.99026	0.452147	0.00538089	5.43694
3	4700	-2.02941	-4.60922	6.81846	0.00674166
0	4710	4.78179	-1.80573	0.00398162	8.09805
1	4710	-1.23766	4.78879	2.96261	0.00183871
2	4710	-4.99026	0.452147	0.00538089	5.43694
3	4710	-2.02941	-4.60922	6.81846	0.00674166
0	4720	4.78179	-1.80573	0.00398162	8.09805
1	4720	-1.23766	4.78879	2.96261	0.00183871
2	4720	-4.99026	0.452147	0.00538089	5.43694
3	4720	-2.02941	-4.60922	6.81846	0.00674166
0	4730	4.78179	-1.80573	0.00398162	8.09805
1	4730	-1.23766	4.78879	2.96261	0.00183871
2	4730	-4.99026	0.452147	0.00538089	5.43694
3	4730	-2.02941	-4.60922	6.81846	0.00674166
0	4740	4.78179	-1.80573	0.00398162	8.09805
1	4740	-1.23766	4.78879	2.96261	0.00183871
2	4740	-4.99026	0.452147	0.00538089	5.43694
3	4740	-2.02941	-4.60922	6.81846	0.00674166
0	4750	4.78179	-1.80573	0.00398162	8.09805
1	4750	-1.23766	4.78879	2.96261	0.00183871
2	4750	-4.99026	0.452147	0.00538089	5.43694
3	4750	-2.02941	-4.60922	6.81846	0.00674166
0	4760	4.78179	-1.80573	0.00398162	8.09805
1	4760	-1.23766	4.78879	2.96261	0.00183871
2	4760	-4.99026	0.452147	0.00538089	5.43694
3	4760	-2.02941	-4.60922	6.81846	0.00674166
0	4770	4.78179	-1.80573	0.00398162	8.09805
1	4770	-1.23766	4.78879	2.96261	0.00183871
2	4770	-4.99026	0.452147	0.00538089	5.43694
3	4770	-2.02941	-4.60922	6.81846	0.00674166
0	4780	4.78179	-1.80573	0.00398162	8.09805
1	4780	-1.23766	4.78879	2.96261	0.00183871
2	4780	-4.99026	0.452147	0.00538089	5.43694
3	4780	-2.02941	-4.60922	6.81846	0.00674166
0	4790	4.78179	-1.80573	0.00398162	8.09805
1	4790	-1.23766	4.78879	2.96261	0.00183871
2	4790	-4.99026	0.452147	0.00538089	5.43694
3	4790	-2.02941	-4.60922	6.81846	0.00674166
0	4800	4.78179	-1.80573	0.00398162	8.09805
1	4800	-1.23766	4.78879	2.96261	0.00183871
2	4800	-4.99026	0.452147	0.00538089	5.43694
3	4800	-2.02941	-4.60922	6.81846	0.00674166
0	4810	4.78179	-1.80573	0.00398162	8.09805
1	4810	-1.23766	4.78879	2.96261	0.00183871
2	4810	-4.99026	0.452147	0.00538089	5.43694
3	4810	-2.02941	-4.60922	6.81846	0.00674166
0	4820	4.78179	-1.80573	0.00398162	8.09805
1	4820	-1.23766	4.78879	2.96261	0.00183871
2	4820	-4.99026	0.452147	0.00538089	5.43694
3	4820	-2.02941	-4.60922	6.81846	0.00674166
0	4830	4.78179	-1.80573	0.00398162	8.09805
1	4830	-1.23766	4.78879	2.96261	0.00183871
2	4830	-4.99026	0.452147	0.00538089	5.43694
3	4830	-2.02941	-4.60922	6.81846	0.00674166
0	4840	4.78179	-1.80573	0.00398162	8.09805
1	4840	-1.23766	4.78879	2.96261	0.00183871
2	4840	-4.99026	0.452147	0.00538089	5.43694
3	4840	-2.02941	-4.60922	6.81846	0.00674166
0	4850	4.78179	-1.80573	0.00398162	8.09805
1	4850	-1.23766	4.78879	2.96261	0.00183871
2	4850	-4.99026	0.452147	0.00538089	5.43694
3	4850	-2.02941	-4.60922	6.81846	0.00674166
0	4860	4.78179	-1.80573	0.00398162	8.09805
1	4860	-1.23766	4.78879	2.96261	0.00183871
2	4860	-4.99026	0.452147	0.00538089	5.43694
3	4860	-2.02941	-4.60922	6.81846	0.00674166
0	4870	4.78179	-1.80573	0.00398162	8.09805
1	4870	-1.23766	4.78879	2.96261	0.00183871
2	4870	-4.99026	0.452147	0.00538089	5.43694
3	4870	-2.02941	-4.60922	6.81846	0.00674166
0	4880	4.78179	-1.80573	0.00398162	8.09805
1	4880	-1.23766	4.78879	2.96261	0.00183871
2	4880	-4.99026	0.452147	0.00538089	5.43694
3	4880	-2.02941	-4.60922	6.81846	0.00674166
0	4890	4.78179	-1.80573	0.00398162	8.09805
1	4890	-1.23766	4.78879	2.96261	0.00183871
2	4890	-4.99026	0.452147	0.00538089	5.43694
3	4890	-2.02941	-4.60922	6.81846	0.00674166
0	4900	4.78179	-1.80573	0.00398162	8.09805
1	4900	-1.23766	4.78879	2.96261	0.00183871
2	4900	-4.99026	0.452147	0.00538089	5.43694
3	4900	-2.02941	-4.60922	6.81846	0.00674166
0	4910	4.78179	-1.80573	0.00398162	8.09805
1	4910	-1.23766	4.78879	2.96261	0.00183871
2	4910	-4.99026	0.452147	0.00538089	5.43694
3	4910	-2.02941	-4.60922	6.81846	0.00674166
0	4920	4.78179	-1.80573	0.00398162	8.09805
1	4920	-1.23766	4.78879	2.96261	0.00183871
2	4920	-4.99026	0.452147	0.00538089	5.43694
3	4920	-2.02941	-4.60922	6.81846	0.00674166
0	4930	4.78179	-1.80573	0.00398162	8.09805
1	4930	-1.23766	4.78879	2.96261	0.00183871
2	4930	-4.99026	0.452147	0.00538089	5.43694
3	4930	-2.02941	-4.60922	6.81846	0.00674166
0	4940	4.78179	-1.80573	0.00398162	8.09805
1	4940	-1.23766	4.78879	2.96261	0.00183871
2	4940	-4.99026	0.452147	0.00538089	5.43694
3	4940	-2.02941	-4.60922	6.81846	0.00674166
0	4950	4.78179	-1.80573	0.00398162	8.09805
1	4950	-1.23766	4.78879	2.96261	0.00183871
2	4950	-4.99026	0.452147	0.00538089	5.43694
3	4950	-2.02941	-4.60922	6.81846	0.00674166
0	4960	4.78179	-1.80573	0.00398162	8.09805
1	4960	-1.23766	4.78879	2.96261	0.00183871
2	4960	-4.99026	0.452147	0.00538089	5.43694
3	4960	-2.02941	-4.60922	6.81846	0.00674166
0	4970	4.78179	-1.80573	0.00398162	8.09805
1	4970	-1.23766	4.78879	2.96261	0.00183871
2	4970	-4.99026	0.452147	0.00538089	5.43694
3	4970	-2.02941	-4.60922	6.81846	0.00674166
0	4980	4.78179	-1.80573	0.00398162	8.09805
1	4980	-1.23766	4.78879	2.96261	0.00183871
2	4980	-4.99026	0.452147	0.00538089	5.43694
3	4980	-2.02941	-4.60922	6.81846	0.00674166
0	4990	4.78179	-1.80573	0.00398162	8.09805
1	4990	-1.23766	4.78879	2.96261	0.00183871
2	4990	-4.99026	0.452147	0.00538089	5.43694
3	4990	-2.02941	-4.60922	6.81846	0.00674166
