0	3.55	4.79	1	0.227	0	
1	4.78	-4.27	1	0.00114	0	
2	4.78	-4.37	1	0.00109	0	
3	4.78	-4.62	1	0.00986	0	
4	4.79	-0.567	1	0	0	
5	0.816	3.58	2	0.757	0.5	
6	-2.31	4.79	2	0	1	
7	-2.73	4.78	2	0.00979	0.5	
8	-1.71	4.78	2	0.0147	0.5	
9	-0.259	4.79	2	0	1	
10	-4.99	-2.21	3	0	-1	
11	-4.99	-0.852	3	0.00336	-1	
12	-4.47	-0.869	3	1	-1	
13	-3.97	4.69	3	0.182	-1	
14	-2.95	1.5	3	0.661	-1	
15	-4.99	-3.58	4	0.219	-0.5	
16	-3.99	-2.93	4	0.633	-0.5	
17	3.76	-3.12	4	0.834	-0.5	
18	-2.45	-4.11	4	0.0701	-0.5	
19	-2.48	-4.14	4	0.0661	-0.5	
