0	2.84	4.79	1	0.343	0	
1	4.68	-4.27	1	0.812	0	
2	4.78	-4.37	1	0.00212	0	
3	3.29	-4.62	1	0.987	0	
4	4.79	-0.567	1	0	0	
5	0.816	1.36	2	0.955	0.5	
6	-2.31	4.78	2	0.00261	0.5	
7	-2.73	3.98	2	0.893	0.5	
8	-1.71	4.28	2	0.667	0.5	
9	-0.259	4.79	2	0	1	
10	-4.99	-2.21	3	0	-1	
11	-4.96	-0.852	3	0.022	-1	
12	-1.97	-0.869	3	1	-1	
13	-3.41	4.69	3	0.272	-1	
14	-1.01	1.5	3	0.862	-1	
15	-4.99	-2.82	4	0.407	-0.5	
16	-3.99	-0.962	4	0.894	-0.5	
17	3.76	-0.748	4	0.991	-0.5	
18	-2.45	-2.18	4	1	-0.5	
19	-2.48	-3.92	4	0.121	-0.5	
