0	2.67	4.79	1	0.37	0	
1	4.21	-4.27	1	0.987	0	
2	4.78	-4.37	1	0.00242	0	
3	2.79	-4.62	1	0.993	0	
4	4.79	-0.567	1	0	0	
5	0.816	0.879	2	0.965	0.5	
6	-2.31	4.78	2	0.00335	0.5	
7	-2.73	3.52	2	0.951	0.5	
8	-1.71	3.9	2	0.838	0.5	
9	-0.259	4.79	2	0	1	
10	-4.99	-2.21	3	0	-1	
11	-4.95	-0.852	3	0.032	-1	
12	-1.47	-0.869	3	1	-1	
13	-3.27	4.69	3	0.292	-1	
14	-0.572	1.5	3	0.883	-1	
15	-4.99	-2.61	4	0.45	-0.5	
16	-3.99	-0.511	4	0.914	-0.5	
17	3.76	-0.254	4	0.995	-0.5	
18	-2.45	-1.68	4	1	-0.5	
19	-2.48	-3.86	4	0.145	-0.5	
