0	2.05	4.79	1	0.458	0	
1	2.71	-4.27	1	0.999	0	
2	4.77	-4.37	1	0.0036	0	
3	1.3	-4.62	1	0.998	0	
4	4.79	-0.567	1	0	0	
5	0.816	-0.588	2	0.999	0.5	
6	-2.31	4.78	2	0.00703	0.5	
7	-2.73	2.04	2	1	0.5	
8	-1.71	2.52	2	0.968	0.5	
9	-0.259	4.79	2	0	1	
10	-4.99	-2.21	3	0.00103	-1	
11	-4.83	-0.852	3	0.258	-1	
12	0.0307	-0.869	3	1	-1	
13	-2.79	4.69	3	0.347	-1	
14	0.847	1.5	3	0.993	-1	
15	-4.99	-1.54	4	1	-0.5	
16	-3.99	0.889	4	0.952	-0.5	
17	3.76	1.24	4	0.984	-0.5	
18	-2.45	-0.176	4	1	-0.5	
19	-2.48	-3.56	4	0.276	-0.5	
