0	3.3	4.79	1	0.269	0	
1	4.78	-4.27	1	0.0015	0	
2	4.78	-4.37	1	0.00142	0	
3	4.64	-4.62	1	0.565	0	
4	4.79	-0.567	1	0	0	
5	0.816	2.75	2	0.889	0.5	
6	-2.31	4.79	2	0.00124	0.5	
7	-2.73	4.74	2	0.113	0.5	
8	-1.71	4.74	2	0.0819	0.5	
9	-0.259	4.79	2	0	1	
10	-4.99	-2.21	3	0	-1	
11	-4.98	-0.852	3	0.00712	-1	
12	-3.47	-0.869	3	1	-1	
13	-3.78	4.69	3	0.215	-1	
14	-2.23	1.5	3	0.764	-1	
15	-4.99	-3.33	4	0.285	-0.5	
16	-3.99	-2.23	4	0.78	-0.5	
17	3.76	-2.23	4	0.944	-0.5	
18	-2.45	-3.67	4	0.998	-0.5	
19	-2.48	-4.07	4	0.0777	-0.5	
