0	0.249	4.79	1	0.961	0	
1	0.216	-4.27	1	1	0	
2	4.76	-4.37	1	0.00697	0	
3	-1.2	-4.62	1	0.999	0	
4	4.79	-0.567	1	0	0	
5	0.816	-3.08	2	0.997	0.5	
6	-2.31	4.74	2	0.0237	0.5	
7	-2.73	-0.449	2	0.997	0.5	
8	-1.71	0.0518	2	0.992	0.5	
9	-0.259	4.79	2	0.00362	0.5	
10	-4.99	-2.21	3	0	-1	
11	-2.79	-0.852	3	0.856	-1	
12	2.53	-0.869	3	1	-1	
13	-1.04	4.69	3	0.999	-1	
14	3.34	1.5	3	0.998	-1	
15	-4.99	0.956	4	1	-0.5	
16	-3.99	3.35	4	0.984	-0.5	
17	3.76	3.71	4	0.993	-0.5	
18	-2.45	2.32	4	1	-0.5	
19	-2.48	-2.19	4	0.895	-0.5	
