0	3.16	4.79	1	0.293	0	
1	4.78	-4.27	1	0.00171	0	
2	4.78	-4.37	1	0.00162	0	
3	4.25	-4.62	1	0.918	0	
4	4.79	-0.567	1	0	0	
5	0.816	2.3	2	0.921	0.5	
6	-2.31	4.79	2	0.00159	0.5	
7	-2.73	4.64	2	0.351	0.5	
8	-1.71	4.68	2	0.189	0.5	
9	-0.259	4.79	2	0	1	
10	-4.99	-2.21	3	0	-1	
11	-4.98	-0.852	3	0.0104	-1	
12	-2.97	-0.869	3	1	-1	
13	-3.66	4.69	3	0.233	-1	
14	-1.84	1.5	3	0.803	-1	
15	-4.99	-3.18	4	0.323	-0.5	
16	-3.99	-1.83	4	0.829	-0.5	
17	3.76	-1.74	4	0.988	-0.5	
18	-2.45	-3.18	4	0.999	-0.5	
19	-2.48	-4.03	4	0.0885	-0.5	
