0	3.01	4.79	1	0.317	0	
1	4.78	-4.27	1	0.0052	0	
2	4.78	-4.37	1	0.00185	0	
3	3.78	-4.62	1	0.973	0	
4	4.79	-0.567	1	0	0	
5	0.816	1.83	2	0.941	0.5	
6	-2.31	4.79	2	0.00204	0.5	
7	-2.73	4.38	2	0.714	0.5	
8	-1.71	4.54	2	0.401	0.5	
9	-0.259	4.79	2	0	1	
10	-4.99	-2.21	3	0	-1	
11	-4.97	-0.852	3	0.0151	-1	
12	-2.47	-0.869	3	1	-1	
13	-3.54	4.69	3	0.252	-1	
14	-1.43	1.5	3	0.836	-1	
15	-4.99	-3.01	4	0.364	-0.5	
16	-3.99	-1.4	4	0.866	-0.5	
17	3.76	-1.25	4	1	-0.5	
18	-2.45	-2.68	4	1	-0.5	
19	-2.48	-3.98	4	0.103	-0.5	
