0	2.27	4.79	1	0.428	0	
1	3.21	-4.27	1	0.998	0	
2	4.77	-4.37	1	0.00315	0	
3	1.8	-4.62	1	0.997	0	
4	4.79	-0.567	1	0	0	
5	0.816	-0.0923	2	0.977	0.5	
6	-2.31	4.78	2	0.00549	0.5	
7	-2.73	2.54	2	0.995	0.5	
8	-1.71	3	2	0.95	0.5	
9	-0.259	4.79	2	0	1	
10	-4.99	-2.21	3	0.00102	-1	
11	-4.9	-0.852	3	0.0817	-1	
12	-0.469	-0.869	3	1	-1	
13	-2.96	4.69	3	0.333	-1	
14	0.355	1.5	3	0.973	-1	
15	-4.99	-2.04	4	1	-0.5	
16	-3.99	0.417	4	0.94	-0.5	
17	3.76	0.744	4	0.993	-0.5	
18	-2.45	-0.676	4	1	-0.5	
19	-2.48	-3.68	4	0.218	-0.5	
