0	3.43	4.79	1	0.247	0	
1	4.78	-4.27	1	0.0013	0	
2	4.78	-4.37	1	0.00125	0	
3	4.76	-4.62	1	0.0839	0	
4	4.79	-0.567	1	0	0	
5	0.816	3.18	2	0.838	0.5	
6	-2.31	4.79	2	0	1	
7	-2.73	4.78	2	0.0337	0.5	
8	-1.71	4.77	2	0.035	0.5	
9	-0.259	4.79	2	0	1	
10	-4.99	-2.21	3	0	-1	
11	-4.99	-0.852	3	0.00489	-1	
12	-3.97	-0.869	3	1	-1	
13	-3.88	4.69	3	0.198	-1	
14	-2.6	1.5	3	0.717	-1	
15	-4.99	-3.46	4	0.25	-0.5	
16	-3.99	-2.6	4	0.714	-0.5	
17	3.76	-2.69	4	0.892	-0.5	
18	-2.45	-4.08	4	0.0753	-0.5	
19	-2.48	-4.1	4	0.071	-0.5	
