0	3.66	4.79	1	0.208	0	
1	4.78	-4.27	1	0	0	
2	4.78	-4.37	1	0.00105	0	
3	4.78	-4.62	1	0.00145	0	
4	4.79	-0.567	1	0	0	
5	0.816	3.93	2	0.639	0.5	
6	-2.31	4.79	2	0	1	
7	-2.73	4.79	2	0.00284	0.5	
8	-1.71	4.78	2	0.00615	0.5	
9	-0.259	4.79	2	0	1	
10	-4.99	-2.21	3	0	-1	
11	-4.99	-0.852	3	0.00231	-1	
12	-4.97	-0.869	3	0.973	-1	
13	-4.06	4.69	3	0.167	-1	
14	-3.26	1.5	3	0.599	-1	
15	-4.99	-3.68	4	0.193	-0.5	
16	-3.99	-3.23	4	0.54	-0.5	
17	3.76	-3.51	4	0.745	-0.5	
18	-2.45	-4.15	4	0.0654	-0.5	
19	-2.48	-4.17	4	0.0617	-0.5	
