0	2.48	4.79	1	0.399	0	
1	3.71	-4.27	1	0.996	0	
2	4.77	-4.37	1	0.00276	0	
3	2.29	-4.62	1	0.995	0	
4	4.79	-0.567	1	0	0	
5	0.816	0.395	2	0.972	0.5	
6	-2.31	4.78	2	0.00428	0.5	
7	-2.73	3.04	2	0.977	0.5	
8	-1.71	3.47	2	0.915	0.5	
9	-0.259	4.79	2	0	1	
10	-4.99	-2.21	3	0	-1	
11	-4.93	-0.852	3	0.0465	-1	
12	-0.969	-0.869	3	1	-1	
13	-3.12	4.69	3	0.313	-1	
14	-0.121	1.5	3	0.933	-1	
15	-4.99	-2.37	4	0.493	-0.5	
16	-3.99	-0.0503	4	0.928	-0.5	
17	3.76	0.245	4	1	-0.5	
18	-2.45	-1.18	4	1	-0.5	
19	-2.48	-3.78	4	0.176	-0.5	
